Movie,Vader Compound,Vader Neg,Vader Pos,Vader Neu,Genre
10-things-i-hate-about-you,1,0.086,0.138,0.776,Romance
12-and-holding,-0.9996,0.118,0.109,0.773,Drama
12-monkeys,-0.9999,0.105,0.093,0.801,Thriller
12-years-a-slave,0.9988,0.11,0.114,0.777,Drama
127-hours,0.9999,0.09,0.108,0.803,Drama
1492-conquest-of-paradise,0.9999,0.096,0.112,0.791,Adventure
15-minutes,-1,0.121,0.095,0.784,Action
17-again,1,0.097,0.124,0.779,Comedy
187,-0.9999,0.102,0.083,0.815,Drama
2012,0.999,0.079,0.084,0.838,Drama
30-minutes-or-less,-1,0.149,0.106,0.746,Adventure
42,1,0.076,0.118,0.806,Drama
44-inch-chest,-0.9786,0.103,0.104,0.794,Drama
50-50,1,0.111,0.141,0.749,Drama
500-days-of-summer,1,0.107,0.152,0.741,Romance
8mm,-0.9999,0.093,0.078,0.829,Thriller
a-dry-white-season,0.9999,0.1,0.114,0.786,Drama
a-few-good-men,0.9993,0.091,0.098,0.812,Mystery
a-most-violent-year,1,0.072,0.109,0.819,Action
a-nightmare-on-elm-street,-1,0.125,0.086,0.789,Horror
a-perfect-world,0.9924,0.094,0.095,0.811,Crime
a-walk-to-remember,1,0.096,0.123,0.781,Drama
above-the-law,-1,0.111,0.081,0.808,Action
absolute-power,0.9999,0.09,0.103,0.807,Thriller
adaptation,1,0.095,0.149,0.756,Comedy
affliction,-1,0.125,0.083,0.793,Drama
after-school-specia,1,0.094,0.127,0.78,Comedy
after.life,-1,0.128,0.091,0.782,Horror
airplane-2-the-sequel,0.9981,0.091,0.096,0.812,Sci-Fi
airplane,0.9999,0.082,0.109,0.809,Comedy
ali,0.998,0.09,0.092,0.818,Drama
alien-3,-1,0.116,0.072,0.812,Sci-Fi
alien-nation,-0.9994,0.085,0.081,0.834,Sci-Fi
alien-resurrection,-1,0.117,0.071,0.812,Action
alien-vs.-predator,-1,0.105,0.073,0.822,Action
aliens,-1,0.107,0.08,0.812,Thriller
all-about-steve,1,0.095,0.122,0.783,Comedy
alone-in-the-dark,-1,0.088,0.054,0.858,Thriller
amadeus,1,0.095,0.159,0.746,Drama
amelia,1,0.076,0.146,0.778,Drama
american-beauty,1,0.098,0.128,0.774,Drama
american-gangster,-0.9821,0.09,0.09,0.82,Crime
american-hustle,1,0.1,0.132,0.767,Drama
american-madness,1,0.08,0.115,0.804,Drama
american-psycho,0.9999,0.094,0.12,0.785,Thriller
american-shaolin-king-of-kickboxers-ii,1,0.086,0.104,0.811,Action
american-sniper,-1,0.124,0.079,0.797,Drama
american-splendor,-0.9999,0.122,0.099,0.779,Comedy
american-werewolf-in-london,-1,0.137,0.104,0.758,Romance
amour,1,0.077,0.116,0.807,Drama
an-education,1,0.071,0.135,0.794,Drama
analyze-that,-0.9999,0.121,0.101,0.778,Crime
analyze-this,-0.9998,0.121,0.116,0.763,Crime
angel-eyes,0.9999,0.101,0.115,0.784,Drama
anna-karenina,1,0.083,0.142,0.775,Drama
annie-hall,1,0.082,0.145,0.773,Comedy
anonymous,1,0.095,0.114,0.791,Drama
antitrust,1,0.074,0.1,0.826,Drama
antz,0.9997,0.093,0.107,0.8,Adventure
apocalypse-now,-1,0.125,0.076,0.799,Action
april-fool's-day,-1,0.122,0.095,0.783,Comedy
arbitrage,1,0.084,0.119,0.797,Thriller
argo,0.9972,0.068,0.071,0.861,Thriller
armageddon,-0.9997,0.098,0.091,0.811,Thriller
army-of-darkness,-1,0.139,0.072,0.789,Adventure
arthur,1,0.102,0.142,0.756,Comedy
as-good-as-it-gets,1,0.105,0.136,0.759,Comedy
assassins,-0.9995,0.096,0.087,0.817,Action
august-osage-county,0.9999,0.094,0.115,0.791,Drama
austin-powers---international-man-of-mystery,0.9999,0.101,0.128,0.771,Comedy
austin-powers---the-spy-who-shagged-me,-0.9993,0.131,0.13,0.74,Action
authors-anonymous,1,0.068,0.167,0.765,Comedy
autumn-in-new-york,1,0.098,0.153,0.749,Romance
avatar,0.9825,0.1,0.1,0.8,Adventure
babel,-1,0.109,0.083,0.809,Drama
bachelor-party,1,0.076,0.136,0.788,Comedy
backdraft,-1,0.12,0.086,0.794,Action
bad-boys,-1,0.117,0.088,0.795,Comedy
bad-country,-1,0.12,0.065,0.815,Drama
bad-day-at-black-rock,-0.9995,0.089,0.081,0.83,Drama
bad-dreams,-0.99,0.107,0.102,0.791,Thriller
bad-lieutenant,-0.9999,0.123,0.106,0.771,Crime
bad-santa,-0.9999,0.118,0.096,0.785,Comedy
bad-teacher,1,0.082,0.141,0.778,Comedy
badlands,0.9998,0.072,0.094,0.834,Crime
bamboozled,1,0.1,0.123,0.777,Comedy
basic-instinct,0.9993,0.085,0.09,0.825,Thriller
basic,-1,0.136,0.109,0.755,Thriller
basquiat,1,0.065,0.108,0.826,Drama
batman-2,-0.9999,0.092,0.081,0.828,Thriller
batman,0.9997,0.108,0.116,0.776,Action
battle-los-angeles,-1,0.116,0.076,0.808,Sci-Fi
bean,1,0.086,0.126,0.788,Comedy
beasts-of-the-southern-wild,0.9987,0.099,0.104,0.797,Drama
beavis-and-butt-head-do-america,-0.9998,0.112,0.092,0.796,Animation
beginners,1,0.085,0.14,0.775,Romance
being-human,1,0.084,0.11,0.807,Fantasy
being-john-malkovich,1,0.086,0.152,0.762,Comedy
being-there,1,0.058,0.191,0.75,Drama
belle,1,0.097,0.122,0.781,Romance
beloved,1,0.089,0.138,0.773,Drama
big-eyes,1,0.101,0.139,0.76,Crime
big-fish,1,0.083,0.117,0.8,Adventure
birdman,0.9995,0.112,0.12,0.768,Comedy
birthday-girl,0.9998,0.086,0.097,0.817,Comedy
black-rain,-0.9999,0.087,0.071,0.842,Crime
black-snake-moan,-0.9997,0.112,0.104,0.784,Drama
black-swan,0.9999,0.1,0.118,0.782,Mystery
blade-runner,1,0.086,0.12,0.794,Drama
blade-trinity,-1,0.101,0.077,0.822,Fantasy
blade,-0.9999,0.098,0.084,0.818,Action
blood-and-wine,0.9998,0.085,0.099,0.816,Drama
blood-simple,-0.9979,0.075,0.07,0.854,Thriller
blue-valentine,0.9999,0.073,0.094,0.833,Drama
blue-velvet,1,0.095,0.121,0.783,Thriller
"bodies,-rest-&-motion",0.9999,0.087,0.108,0.805,Romance
body-heat,1,0.074,0.109,0.817,Thriller
body-of-evidence,0.9992,0.109,0.112,0.778,Thriller
bodyguard,1,0.082,0.108,0.81,Thriller
bonfire-of-the-vanities,1,0.083,0.125,0.792,Comedy
boogie-nights,1,0.085,0.146,0.769,Drama
boondock-saints-2-all-saints-day,-1,0.125,0.098,0.777,Drama
bound,-0.9998,0.11,0.1,0.79,Thriller
boyhood,1,0.069,0.198,0.733,Drama
braveheart,-1,0.124,0.096,0.78,Action
breakdown,-1,0.096,0.064,0.84,Thriller
brick,0.9999,0.084,0.105,0.811,Drama
bridesmaids,1,0.081,0.175,0.744,Comedy
bringing-out-the-dead,-1,0.123,0.094,0.783,Drama
broken-arrow,-1,0.099,0.058,0.842,Adventure
broken-embraces,1,0.078,0.098,0.823,Thriller
bull-durham,-0.9998,0.129,0.118,0.753,Drama
buried,0.9998,0.093,0.113,0.794,Drama
burlesque,1,0.074,0.127,0.799,Musical
burn-after-reading,0.9999,0.084,0.104,0.811,Crime
burning-annie,1,0.106,0.144,0.75,Comedy
cable-guy,1,0.079,0.126,0.794,Drama
candle-to-water,-1,0.145,0.113,0.742,Drama
capote,0.9999,0.088,0.105,0.807,Crime
carrie,0.9986,0.102,0.106,0.792,Thriller
cars-2,1,0.096,0.121,0.783,Action
case-39,-1,0.128,0.096,0.776,Horror
casino,1,0.09,0.119,0.791,Crime
cast-away,0.9967,0.093,0.094,0.813,Adventure
catwoman,-1,0.128,0.077,0.795,Crime
cedar-rapids,1,0.085,0.153,0.762,Comedy
celeste-&-jesse-forever,1,0.1,0.173,0.727,Romance
cellular,-1,0.127,0.089,0.783,Crime
changeling,0.9998,0.098,0.106,0.796,Crime
chaos,-1,0.104,0.077,0.819,Drama
charade,0.9996,0.08,0.087,0.833,Comedy
charlie's-angels,0.9999,0.085,0.101,0.814,Action
chasing-sleep,0.993,0.097,0.098,0.805,Horror
cherry-falls,-1,0.139,0.094,0.767,Horror
chinatown,0.9935,0.087,0.088,0.825,Crime
christ-complex,-0.9963,0.117,0.112,0.771,Fantasy
chronicle,-0.9999,0.136,0.11,0.754,Drama
cirque-du-freak-the-vampire's-assistant,-0.9999,0.113,0.097,0.79,Thriller
citizen-kane,1,0.068,0.109,0.823,Drama
city-of-joy,1,0.08,0.124,0.796,Drama
clash-of-the-titans,-0.9998,0.116,0.103,0.782,Drama
clerks,-0.9999,0.12,0.112,0.768,Comedy
cliffhanger,-1,0.106,0.082,0.812,Action
cobb,0.9999,0.118,0.132,0.75,Drama
code-of-silence,-1,0.102,0.063,0.835,Drama
cold-mountain,-0.7897,0.099,0.097,0.804,Romance
collateral-damage,-1,0.102,0.07,0.828,Action
collateral,-1,0.101,0.075,0.823,Crime
colombiana,-0.9975,0.093,0.093,0.814,Action
commando,-1,0.089,0.047,0.865,Action
conan-the-barbarian,-1,0.135,0.081,0.783,Adventure
confessions-of-a-dangerous-mind,0.9999,0.107,0.13,0.763,Drama
confidence,1,0.086,0.125,0.789,Drama
constantine,-1,0.107,0.081,0.812,Thriller
coraline,1,0.092,0.112,0.796,Fantasy
coriolanus,-0.9999,0.143,0.119,0.737,Drama
cowboys-&-aliens,-1,0.138,0.084,0.778,Action
cradle-2-the-grave,-0.9999,0.102,0.081,0.817,Action
crank,-0.9999,0.109,0.093,0.798,Crime
crash,-0.9996,0.089,0.077,0.834,Romance
"crazy,-stupid,-love",1,0.097,0.155,0.748,Comedy
crazylove,1,0.073,0.132,0.794,Drama
creation,0.9942,0.1,0.103,0.797,Drama
crime-spree,-0.9999,0.091,0.083,0.826,Crime
croupier,1,0.082,0.113,0.805,Drama
cruel-intentions,1,0.118,0.157,0.725,Drama
custody,1,0.08,0.122,0.798,Comedy
dallas-buyers-club,-0.9994,0.101,0.095,0.804,Drama
dances-with-wolves,0.9999,0.087,0.094,0.819,Western
dark-city,-1,0.102,0.074,0.824,Sci-Fi
darkman,-0.9996,0.105,0.098,0.797,Crime
date-night,1,0.082,0.11,0.808,Romance
dave-barry's-complete-guide-to-guys,0.9999,0.072,0.105,0.823,Comedy
day-of-the-dead,-1,0.135,0.082,0.783,Drama
dead-poets-society,1,0.07,0.124,0.805,Drama
deadpool,-1,0.118,0.097,0.785,Comedy
dear-white-people,1,0.094,0.126,0.78,Comedy
death-at-a-funeral,-0.9999,0.123,0.103,0.774,Comedy
death-to-smoochy,1,0.09,0.128,0.782,Comedy
deception,1,0.087,0.109,0.805,Romance
deep-cover,-0.9999,0.111,0.097,0.792,Crime
defiance,-1,0.116,0.087,0.797,Thriller
despicable-me-2,0.9999,0.091,0.115,0.794,Comedy
detroit-rock-city,1,0.102,0.122,0.776,Comedy
devil's-advocate,0.9999,0.101,0.12,0.779,Drama
devil-in-a-blue-dress,1,0.085,0.143,0.771,Mystery
die-hard-2,-0.9999,0.1,0.089,0.811,Action
die-hard,-1,0.106,0.081,0.813,Action
diner,1,0.073,0.108,0.818,Drama
disturbia,0.9985,0.074,0.08,0.846,Thriller
dog-day-afternoon,-0.9999,0.099,0.086,0.815,Thriller
dogma,-1,0.129,0.111,0.761,Comedy
double-indemnity,0.9999,0.07,0.087,0.843,Drama
drag-me-to-hell,0.9998,0.091,0.106,0.804,Horror
drive-angry,-1,0.133,0.08,0.787,Crime
drive,1,0.074,0.104,0.822,Drama
drop-dead-gorgeous,1,0.075,0.148,0.777,Comedy
dumb-and-dumber,0.9999,0.094,0.113,0.794,Adventure
dune,-0.9999,0.101,0.079,0.819,Adventure
e.t,-0.9965,0.071,0.067,0.862,Sci-Fi
eagle-eye,-1,0.107,0.081,0.812,Mystery
eastern-promises,-0.9999,0.102,0.082,0.816,Thriller
easy-a,1,0.111,0.15,0.739,Comedy
ed-wood,1,0.098,0.139,0.763,Comedy
eight-legged-freaks,-1,0.092,0.057,0.851,Horror
el-mariachi,-0.9505,0.083,0.084,0.833,Action
election,1,0.079,0.145,0.776,Comedy
elizabeth-the-golden-age,1,0.1,0.135,0.764,Drama
enough,1,0.095,0.121,0.784,Thriller
entrapment,1,0.077,0.112,0.81,Crime
erin-brockovic,0.9999,0.096,0.113,0.791,Drama
escape-from-l.a,-0.9999,0.099,0.078,0.823,Action
escape-from-new-york,-0.9997,0.112,0.093,0.795,Adventure
eternal-sunshine-of-the-spotless-mind,1,0.105,0.128,0.767,Romance
even-cowgirls-get-the-blues,0.9999,0.093,0.114,0.793,Romance
event-horizon,-0.9999,0.1,0.077,0.823,Horror
evil-dead-ii-dead-by-dawn,-1,0.127,0.067,0.806,Action
ex-machina,0.9999,0.075,0.094,0.831,Mystery
excalibur,-0.9854,0.119,0.114,0.766,Drama
existenz,0.9999,0.1,0.121,0.779,Sci-Fi
extract,0.9998,0.101,0.121,0.779,Romance
face-off,-1,0.121,0.081,0.798,Action
fair-game,0.9131,0.092,0.093,0.815,Drama
fantastic-four,0.9999,0.096,0.109,0.796,Action
fantastic-mr-fox,0.9208,0.081,0.081,0.837,Family
fargo,0.9999,0.065,0.097,0.838,Thriller
fast-times-at-ridgemont-high,1,0.061,0.123,0.816,Drama
fatal-instinct,-0.9931,0.1,0.098,0.801,Thriller
fear-and-loathing-in-las-vegas,-1,0.145,0.097,0.758,Comedy
feast,0.9998,0.11,0.12,0.77,Horror
ferris-bueller's-day-off,0.9997,0.111,0.118,0.771,Comedy
field-of-dreams,1,0.071,0.12,0.809,Family
fight-club,-0.9984,0.095,0.094,0.812,Thriller
final-destination-2,-1,0.15,0.095,0.755,Horror
final-destination,-1,0.112,0.086,0.803,Thriller
five-easy-pieces,0.9999,0.075,0.101,0.824,Drama
flash-gordon,-0.9621,0.107,0.105,0.787,Fantasy
flight,0.9999,0.097,0.108,0.794,Drama
forrest-gump,1,0.075,0.104,0.82,Drama
four-rooms,0.9998,0.109,0.12,0.771,Drama
foxcatcher,1,0.059,0.121,0.82,Drama
fracture,-0.9999,0.122,0.101,0.777,Crime
frances,1,0.099,0.129,0.772,Drama
frankenweenie,0.9988,0.087,0.094,0.819,Comedy
freaked,0.9998,0.119,0.131,0.75,Sci-Fi
freddy-vs.-jason,-1,0.11,0.085,0.805,Thriller
friday-the-13th-part-viii-jason-takes-manhattan,-1,0.124,0.083,0.793,Horror
friday-the-13th,0.9998,0.079,0.097,0.824,Horror
fright-night-(1985),-1,0.13,0.08,0.79,Thriller
fright-night,-1,0.139,0.104,0.756,Horror
from-dusk-till-dawn,-0.9998,0.117,0.108,0.775,Comedy
from-here-to-eternity,1,0.091,0.105,0.804,War
frozen-(disney),1,0.092,0.147,0.761,Animation
frozen-river,-0.9998,0.074,0.059,0.867,Drama
frozen,-0.9999,0.127,0.111,0.762,Thriller
fruitvale-station,0.9999,0.078,0.105,0.817,Drama
funny-people,1,0.116,0.158,0.727,Comedy
g.i.-jane,-0.9996,0.095,0.089,0.816,Action
g.i.-joe-the-rise-of-cobra,-0.9998,0.103,0.095,0.802,Action
game-6,0.9999,0.088,0.113,0.799,Drama
gamer,-1,0.123,0.089,0.787,Sci-Fi
gandhi,0.9989,0.1,0.101,0.799,Drama
gang-related,-1,0.14,0.091,0.769,Crime
gangs-of-new-york,0.9995,0.105,0.113,0.782,Drama
garden-state,1,0.088,0.149,0.762,Drama
gattaca,-0.9997,0.088,0.08,0.832,Drama
get-carter,-0.9997,0.1,0.086,0.814,Thriller
get-low,0.9999,0.091,0.11,0.799,Drama
get-on-up,1,0.071,0.109,0.82,Drama
ghost-rider,-1,0.144,0.069,0.787,Fantasy
ghost-ship,-0.9999,0.082,0.066,0.853,Action
ghost-world,1,0.093,0.132,0.775,Comedy
ghost,-0.9998,0.118,0.108,0.774,Romance
ghostbusters-2,1,0.083,0.114,0.802,Sci-Fi
ghostbusters,-0.9966,0.069,0.056,0.876,Fantasy
ginger-snaps,-1,0.124,0.093,0.783,Drama
gladiator,0.9998,0.105,0.114,0.78,Action
go,-0.9999,0.101,0.087,0.812,Crime
gods-and-monsters,1,0.1,0.124,0.776,Drama
godzilla,-1,0.088,0.066,0.846,Action
gone-in-60-seconds,-0.9999,0.089,0.079,0.832,Action
good-will-hunting,1,0.079,0.138,0.783,Comedy
gothika,-1,0.115,0.089,0.796,Horror
gran-torino,-0.9974,0.11,0.11,0.779,Crime
grand-hotel,1,0.088,0.131,0.782,Romance
grand-theft-parsons,1,0.084,0.118,0.797,Drama
gremlins-2,0.9988,0.074,0.081,0.845,Sci-Fi
gremlins,-0.9998,0.1,0.085,0.815,Horror
grosse-point-blank,0.9998,0.084,0.094,0.822,Thriller
groundhog-day,1,0.076,0.116,0.808,Romance
hackers,0.9998,0.1,0.119,0.781,Action
hall-pass,1,0.067,0.149,0.785,Romance
hancock,-1,0.112,0.085,0.803,Action
hanna,-0.9997,0.095,0.086,0.819,Mystery
hannibal,1,0.075,0.105,0.82,Horror
hard-rain,-1,0.092,0.064,0.844,Action
hard-to-kill,-0.9999,0.106,0.092,0.802,Action
harold-and-kumar-go-to-white-castle,-1,0.123,0.089,0.788,Adventure
he's-just-not-that-into-you,1,0.074,0.165,0.762,Comedy
heat,-0.9999,0.081,0.07,0.849,Thriller
heathers,-0.9999,0.131,0.118,0.751,Comedy
heist,0.9999,0.057,0.082,0.862,Drama
hellbound-hellraiser-ii,0.9987,0.099,0.103,0.799,Horror
hellboy-2-the-golden-army,-0.9996,0.101,0.094,0.804,Fantasy
hellboy,-0.9993,0.101,0.095,0.803,Sci-Fi
hellraiser-3-hell-on-ear,-0.9996,0.12,0.114,0.766,Horror
hellraiser-deader,-0.9998,0.094,0.084,0.821,Mystery
hellraiser-hellseeker,0.9992,0.093,0.099,0.808,Horror
hellraiser,-1,0.116,0.082,0.801,Horror
henry's-crime,1,0.078,0.135,0.787,Drama
henry-fool,0.9866,0.1,0.103,0.797,Drama
her,1,0.089,0.175,0.735,Sci-Fi
hesher,-1,0.129,0.075,0.796,Drama
high-fidelity,-1,0.163,0.127,0.709,Music
highlander,-0.9998,0.115,0.1,0.785,Action
his-girl-friday,1,0.073,0.1,0.827,Comedy
hitchcock,1,0.081,0.119,0.8,Drama
hollow-man,-1,0.099,0.076,0.826,Sci-Fi
honeydripper,1,0.069,0.132,0.799,Drama
horrible-bosses,-1,0.132,0.103,0.765,Crime
hostage,-1,0.105,0.066,0.829,Thriller
hot-tub-time-machine,1,0.109,0.14,0.751,Comedy
hotel-rwanda,0.9982,0.104,0.106,0.791,Thriller
house-of-1000-corpses,-0.9999,0.13,0.118,0.752,Horror
how-to-lose-friends-&-alienate-people,1,0.075,0.131,0.795,Romance
how-to-train-your-dragon-2,-0.9999,0.132,0.111,0.757,Animation
how-to-train-your-dragon,-1,0.157,0.094,0.75,Adventure
hudson-hawk,0.9998,0.101,0.111,0.787,Action
human-nature,1,0.094,0.159,0.748,Comedy
i'll-do-anything,1,0.099,0.135,0.767,Comedy
"i,-robot",-1,0.113,0.085,0.802,Sci-Fi
i-am-number-four,-0.9998,0.103,0.092,0.806,Sci-Fi
i-am-sam,1,0.089,0.133,0.778,Drama
i-love-you-phillip-morris,1,0.092,0.157,0.751,Drama
i-spit-on-your-grave,-1,0.112,0.09,0.798,Crime
i-still-know-what-you-did-last-summer,-0.9989,0.104,0.097,0.799,Thriller
in-the-bedroom,0.9999,0.07,0.091,0.838,Drama
in-the-loop,1,0.097,0.133,0.769,Comedy
inception,-0.9997,0.095,0.088,0.816,Mystery
indiana-jones-and-the-last-crusade,0.9993,0.075,0.082,0.843,Action
indiana-jones-and-the-raiders-of-the-lost-ark,0.9999,0.086,0.097,0.817,Adventure
indiana-jones-and-the-temple-of-doom,-1,0.107,0.072,0.821,Action
indiana-jones-iv,-1,0.116,0.097,0.787,Adventure
insidious,-0.9999,0.104,0.083,0.812,Thriller
insomnia,-0.9998,0.09,0.082,0.828,Crime
interstellar,0.9999,0.07,0.081,0.849,Drama
interview-with-the-vampire,-0.9999,0.14,0.124,0.736,Drama
into-the-wild,1,0.06,0.103,0.837,Drama
into-the-woods,-0.9991,0.112,0.104,0.783,Adventure
intolerable-cruelty,1,0.091,0.146,0.764,Comedy
inventing-the-abbotts,1,0.082,0.109,0.809,Drama
invictus,1,0.085,0.112,0.804,Drama
it's-a-wonderful-life,1,0.067,0.119,0.814,Romance
it's-complicated,1,0.063,0.146,0.791,Romance
jackie-brown,-0.999,0.091,0.094,0.815,Comedy
jacob's-ladder,-1,0.122,0.103,0.776,Drama
jane-eyre,1,0.105,0.134,0.761,Romance
jason-x,-1,0.131,0.094,0.776,Thriller
jaws-2,-0.9998,0.092,0.086,0.822,Thriller
jaws,-0.9997,0.09,0.083,0.827,Thriller
jay-and-silent-bob-strike-back,-0.9999,0.122,0.111,0.766,Adventure
jennifer's-body,-1,0.164,0.114,0.721,Comedy
jennifer-eight,-0.9999,0.108,0.098,0.794,Mystery
jimmy-and-judy,0.9999,0.112,0.129,0.76,Action
judge-dredd,-1,0.118,0.088,0.794,Action
juno,1,0.076,0.148,0.775,Drama
jurassic-park-the-lost-world,-1,0.094,0.065,0.84,Horror
kalifornia,-0.9999,0.091,0.08,0.829,Crime
kate-&-leopold,1,0.074,0.13,0.795,Fantasy
kids,1,0.104,0.149,0.747,Drama
kill-bill-volume-1-&-2,-1,0.114,0.092,0.794,Drama
kill-your-darlings,-0.9999,0.114,0.092,0.793,Romance
killing-zoe,0.9994,0.092,0.108,0.8,Thriller
king-kong,-1,0.118,0.079,0.803,Mystery
klute,0.9922,0.095,0.097,0.808,Crime
knocked-up,1,0.112,0.168,0.72,Comedy
kramer-vs-kramer,1,0.068,0.121,0.811,Drama
kundun,1,0.078,0.112,0.811,Drama
kung-fu-panda,-1,0.19,0.101,0.709,Animation
l.a.-confidential,-0.9997,0.105,0.099,0.797,Thriller
la-la-land,0.9982,0.108,0.104,0.787,Drama
labor-of-love,1,0.082,0.102,0.815,Drama
labyrinth,1,0.085,0.116,0.8,Musical
lake-placid,-0.9997,0.112,0.097,0.791,Thriller
land-of-the-dead,-1,0.134,0.083,0.783,Horror
larry-crowne,1,0.074,0.118,0.808,Romance
last-chance-harvey,1,0.082,0.142,0.777,Romance
last-tango-in-paris,0.9998,0.11,0.125,0.765,Romance
law-abiding-citizen,-1,0.115,0.086,0.8,Thriller
legion,-1,0.136,0.094,0.771,Action
les-miserables,-0.9991,0.114,0.108,0.778,Musical
leviathan,-0.9999,0.103,0.082,0.815,Horror
liar-liar,1,0.1,0.156,0.744,Fantasy
life-of-pi,-0.9984,0.092,0.087,0.821,Adventure
life,0.998,0.102,0.107,0.791,Drama
limitless,1,0.087,0.113,0.8,Sci-Fi
lincoln,-0.9967,0.114,0.112,0.774,Drama
little-athens,-1,0.114,0.087,0.799,Comedy
little-nicky,-0.9852,0.12,0.121,0.759,Horror
living-in-oblivion,1,0.099,0.139,0.762,Comedy
"lock,-stock-and-two-smoking-barrels",-0.9977,0.104,0.106,0.79,Comedy
logan's-run,0.9998,0.091,0.101,0.808,Action
lone-star,0.9995,0.076,0.085,0.839,Crime
looper,-1,0.125,0.078,0.797,Action
lord-of-illusions,-1,0.129,0.082,0.789,Thriller
lord-of-war,-0.9999,0.114,0.097,0.789,Crime
lost-highway,-0.9996,0.086,0.076,0.838,Horror
lost-horizon,1,0.078,0.127,0.795,Fantasy
lost-in-space,0.9986,0.089,0.093,0.818,Sci-Fi
lost-in-translation,1,0.06,0.135,0.805,Comedy
love-and-basketball,1,0.083,0.131,0.787,Drama
machete,-0.9998,0.116,0.101,0.783,Thriller
machine-gun-preacher,-0.9999,0.094,0.08,0.826,Crime
magnolia,-0.9999,0.105,0.098,0.797,Drama
major-league,0.9945,0.089,0.09,0.82,Comedy
malibu's-most-wanted,0.9988,0.107,0.117,0.775,Comedy
man-in-the-iron-mask,-1,0.12,0.101,0.78,Action
man-on-fire,1,0.089,0.119,0.792,Action
man-on-the-moon,0.9999,0.122,0.135,0.743,Drama
man-trouble,-0.9994,0.099,0.1,0.801,Comedy
margaret,1,0.1,0.151,0.749,Drama
margin-call,0.9999,0.081,0.1,0.819,Drama
margot-at-the-wedding,0.9996,0.098,0.109,0.792,Drama
"mariachi,-e",-0.9578,0.082,0.083,0.834,Crime
marley-&-me,1,0.067,0.123,0.811,Romance
martha-marcy-may-marlene,1,0.084,0.141,0.775,Thriller
master-and-commander,0.9945,0.097,0.099,0.804,Drama
max-payne,-1,0.109,0.076,0.815,Drama
mean-streets,1,0.083,0.113,0.804,Drama
meet-joe-black,1,0.077,0.143,0.781,Drama
megamind,0.9999,0.108,0.126,0.766,Sci-Fi
men-in-black-3,0.9999,0.108,0.131,0.762,Action
men-in-black,-0.9998,0.092,0.082,0.826,Action
metro,-0.9999,0.098,0.084,0.818,Drama
miami-vice,0.9995,0.075,0.084,0.842,Thriller
midnight-cowboy,0.9999,0.103,0.122,0.775,Drama
midnight-express,-1,0.133,0.086,0.782,Crime
midnight-in-paris,1,0.075,0.187,0.738,Romance
mighty-morphin-power-rangers-the-movie,0.9978,0.086,0.093,0.82,Action
milk,0.9998,0.102,0.114,0.784,Drama
mimic,-0.9998,0.085,0.071,0.844,Sci-Fi
mini's-first-time,1,0.084,0.132,0.784,Drama
mirrors,-1,0.109,0.07,0.821,Thriller
mission-impossible-ii,-0.9983,0.091,0.087,0.822,Thriller
mission-impossible,-0.9994,0.079,0.073,0.848,Action
mission-to-mars,0.9999,0.092,0.104,0.804,Drama
moneyball,1,0.071,0.129,0.8,Drama
monkeybone,0.9998,0.099,0.112,0.79,Fantasy
monte-carlo,1,0.056,0.125,0.819,Comedy
moon,0.9992,0.083,0.091,0.826,Drama
moonrise-kingdom,0.841,0.075,0.073,0.851,Drama
moonstruck,1,0.08,0.127,0.794,Drama
mr-blandings-builds-his-dream-house,1,0.054,0.113,0.833,Comedy
mr-brooks,1,0.085,0.105,0.81,Drama
mr-deeds-goes-to-town,1,0.073,0.139,0.788,Comedy
mrs.-brown,1,0.074,0.126,0.8,Drama
mud,0.9999,0.065,0.073,0.863,Drama
mulholland-drive,1,0.068,0.11,0.822,Mystery
mumford,0.9998,0.096,0.102,0.802,Drama
music-of-the-heart,1,0.081,0.137,0.782,Drama
my-best-friend's-wedding,1,0.099,0.156,0.745,Romance
my-mother-dreams-the-satan's-disciples-in-new-york,0.9998,0.077,0.119,0.804,Short
my-week-with-marilyn,1,0.09,0.155,0.755,Drama
nashville,1,0.073,0.121,0.806,Musical
natural-born-killers,-0.9999,0.114,0.105,0.781,Action
new-york-minute,0.9999,0.093,0.115,0.791,Comedy
newsies,1,0.08,0.103,0.818,Family
next-friday,0.9771,0.103,0.112,0.784,Comedy
next,0.9999,0.093,0.106,0.801,Action
nick-of-time,1,0.096,0.133,0.772,Crime
nightbreed,-1,0.127,0.086,0.787,Fantasy
nightmare-on-elm-street-the-final-chapter,-1,0.113,0.084,0.803,Comedy
nine,1,0.083,0.147,0.771,Drama
ninja-assassin,-0.9999,0.104,0.081,0.816,Thriller
no-country-for-old-men,-0.9966,0.07,0.069,0.861,Crime
no-strings-attached,1,0.095,0.15,0.756,Comedy
oblivion,-0.9999,0.096,0.083,0.821,Action
observe-and-report,1,0.105,0.151,0.744,Crime
obsessed,1,0.091,0.134,0.775,Drama
oceans-eleven,1,0.065,0.092,0.843,Crime
oceans-twelve,0.9999,0.079,0.103,0.817,Crime
one-flew-over-the-cuckoo's-nest,0.9999,0.076,0.095,0.829,Drama
only-god-forgives,-0.9986,0.098,0.096,0.806,Drama
ordinary-people,1,0.105,0.154,0.741,Drama
orphan,0.9875,0.107,0.103,0.79,Horror
out-of-sight,0.9999,0.076,0.09,0.834,Crime
pandorum,-1,0.115,0.065,0.82,Horror
panic-room,-1,0.114,0.065,0.822,Crime
papadopoulos-&-sons,1,0.078,0.153,0.769,Comedy
paranorman,-1,0.142,0.076,0.782,Adventure
pariah,1,0.075,0.116,0.809,Drama
paul,0.9999,0.096,0.11,0.795,Comedy
peeping-tom,1,0.063,0.098,0.839,Drama
peggy-sue-got-married,1,0.075,0.145,0.78,Comedy
perfect-creature,-1,0.108,0.083,0.81,Sci-Fi
pet-sematary-ii,-1,0.106,0.074,0.82,Horror
pet-sematary,-0.9998,0.105,0.097,0.798,Horror
petulia,0.9999,0.101,0.112,0.787,Drama
philadelphia,1,0.09,0.133,0.777,Drama
phone-booth,-0.9571,0.111,0.102,0.787,Thriller
pi,-0.9995,0.089,0.08,0.831,Thriller
pineapple-express,-1,0.153,0.096,0.751,Comedy
pirates-of-the-caribbean-the-curse-of-the-black-pearl,1,0.085,0.115,0.8,Adventure
pitch-black,-0.9999,0.111,0.088,0.801,Sci-Fi
platinum-blonde,1,0.08,0.131,0.788,Romance
pleasantville,1,0.055,0.127,0.818,Fantasy
point-break,-0.9915,0.096,0.095,0.809,Crime
precious,1,0.079,0.21,0.711,Drama
predator,-1,0.124,0.059,0.817,Horror
pretty-woman,1,0.075,0.149,0.776,Romance
pride-and-prejudice,1,0.083,0.167,0.749,Romance
priest,-0.9999,0.11,0.093,0.797,Sci-Fi
prom-night,0.9953,0.092,0.092,0.816,Horror
prometheus,-1,0.11,0.08,0.81,Mystery
psycho,-0.9984,0.086,0.083,0.831,Thriller
public-enemies,-0.9991,0.088,0.084,0.828,Thriller
pulp-fiction,-0.9999,0.128,0.115,0.757,Action
purple-rain,0.9988,0.115,0.116,0.769,Music
quantum-project,0.6122,0.081,0.079,0.84,Drama
queen-of-the-damned,1,0.084,0.127,0.789,Horror
rachel-getting-married,1,0.081,0.147,0.772,Drama
raging-bull,0.9998,0.1,0.111,0.79,Drama
raising-arizona,0.9988,0.079,0.084,0.837,Comedy
rambling-rose,1,0.118,0.133,0.75,Drama
rear-window,1,0.071,0.089,0.839,Mystery
red-riding-hood,-1,0.125,0.085,0.79,Fantasy
reindeer-games,-0.9999,0.108,0.095,0.797,Drama
remember-me,1,0.087,0.122,0.791,Drama
reservoir-dogs,-1,0.149,0.09,0.761,Thriller
revolutionary-road,1,0.086,0.142,0.772,Drama
ringu,-0.9999,0.087,0.061,0.852,Thriller
rise-of-the-guardians,1,0.072,0.118,0.811,Animation
rise-of-the-planet-of-the-apes,-0.9998,0.102,0.089,0.809,Action
rko-281,1,0.09,0.112,0.798,Drama
robin-hood-prince-of-thieves,-1,0.147,0.12,0.733,Action
rocknrolla,1,0.083,0.115,0.801,Comedy
romeo-&-julie,1,0.117,0.14,0.744,Crime
ronin,-0.9997,0.095,0.089,0.816,Thriller
room,1,0.076,0.106,0.818,Drama
roughshod,-0.9995,0.072,0.062,0.866,Western
runaway-bride,1,0.07,0.127,0.803,Comedy
rush-hour-2,-0.9952,0.104,0.103,0.793,Crime
rush,0.9996,0.111,0.118,0.771,Action
rushmore,1,0.079,0.112,0.809,Romance
rust-and-bone,0.9998,0.084,0.099,0.817,Drama
s.-darko,-0.9994,0.085,0.079,0.835,Sci-Fi
save-the-last-dance,1,0.092,0.12,0.788,Drama
saving-mr.-banks,1,0.082,0.133,0.784,Drama
saving-private-ryan,-1,0.13,0.104,0.767,Drama
schindler's-list,1,0.087,0.106,0.807,Drama
scott-pilgrim-vs-the-world,0.9929,0.115,0.119,0.766,Fantasy
scream-2,-1,0.145,0.09,0.765,Mystery
scream-3,-1,0.167,0.1,0.733,Mystery
scream,-1,0.131,0.099,0.77,Thriller
se7en,-1,0.111,0.08,0.809,Thriller
semi-pro,1,0.095,0.145,0.759,Comedy
sense-and-sensibility,1,0.097,0.156,0.747,Romance
serenity,-1,0.108,0.081,0.811,Adventure
sex-and-the-city,1,0.053,0.147,0.8,Comedy
sexual-life,1,0.098,0.133,0.769,Drama
shakespeare-in-love,1,0.092,0.132,0.776,Drama
shallow-grave,0.9963,0.088,0.096,0.817,Thriller
shame,1,0.087,0.129,0.784,Drama
she's-out-of-my-league,1,0.106,0.157,0.737,Comedy
sherlock-holmes,-0.9997,0.098,0.09,0.813,Action
shifty,-0.9998,0.107,0.092,0.802,Thriller
shivers,0.9999,0.08,0.094,0.826,Sci-Fi
shrek-the-third,1,0.093,0.141,0.765,Comedy
sideways,1,0.081,0.14,0.779,Drama
signs,-0.9975,0.066,0.06,0.874,Sci-Fi
silence-of-the-lambs,-0.9894,0.1,0.098,0.802,Drama
silver-bulle,-0.9981,0.099,0.098,0.804,Horror
silver-linings-playbook,1,0.091,0.16,0.748,Romance
simone,1,0.079,0.127,0.794,Drama
sister-act,1,0.08,0.133,0.788,Comedy
sleepless-in-seattle,1,0.07,0.114,0.816,Comedy
sleepy-hollow,-1,0.12,0.076,0.804,Horror
sling-blade,1,0.079,0.128,0.793,Drama
slither,0.9994,0.104,0.114,0.781,Horror
slumdog-millionaire,1,0.078,0.111,0.811,Crime
smashed,1,0.106,0.149,0.745,Drama
smokin'-aces,-1,0.129,0.074,0.797,Action
snatch,-0.9966,0.107,0.107,0.786,Comedy
snow-falling-on-cedars,-0.9998,0.115,0.105,0.78,Drama
snow-white-and-the-huntsman,-0.9998,0.116,0.102,0.782,Action
so-i-married-an-axe-murderer,1,0.09,0.144,0.766,Thriller
solaris,-0.9997,0.11,0.092,0.798,Sci-Fi
soldier,-1,0.134,0.082,0.785,Action
someone-to-watch-over-me,1,0.087,0.115,0.798,Action
something's-gotta-give,1,0.084,0.145,0.771,Drama
source-code,-0.9999,0.101,0.079,0.82,Mystery
south-park,-0.9998,0.134,0.128,0.738,Animation
spanglish,1,0.08,0.129,0.79,Drama
spare-me,-0.9863,0.089,0.088,0.823,Thriller
spartan,-0.9999,0.066,0.054,0.88,Crime
speed-racer,1,0.086,0.121,0.792,Family
sphere,-0.9999,0.094,0.076,0.83,Thriller
spider-man,0.9994,0.088,0.094,0.818,Adventure
st.-elmo's-fire,1,0.103,0.126,0.771,Romance
star-trek-nemesis,1,0.087,0.111,0.802,Thriller
star-trek,-0.9996,0.103,0.102,0.795,Sci-Fi
star-wars-1,0.9889,0.097,0.094,0.809,Action
star-wars-2,0.9997,0.108,0.113,0.779,Action
star-wars-3,-1,0.14,0.095,0.765,Action
star-wars-4,-1,0.12,0.09,0.79,Sci-Fi
star-wars-5,-0.9998,0.113,0.101,0.786,Action
star-wars-7,-1,0.131,0.087,0.782,Action
starman,-0.9976,0.076,0.07,0.855,Drama
state-and-main,1,0.054,0.093,0.853,Comedy
station-west,0.9998,0.087,0.099,0.814,Western
storytelling,0.9999,0.111,0.169,0.72,Drama
strange-days,0.9988,0.1,0.105,0.795,Sci-Fi
strangers-on-a-train,0.9998,0.082,0.092,0.827,Drama
sugar,1,0.062,0.129,0.809,Drama
sunset-blvd,1,0.072,0.103,0.824,Drama
sunshine-cleaning,0.9994,0.096,0.1,0.803,Comedy
super-8,-1,0.118,0.08,0.802,Thriller
superbad,-0.9999,0.134,0.116,0.75,Comedy
supergirl,1,0.091,0.114,0.795,Adventure
surrogates,-1,0.11,0.082,0.808,Sci-Fi
suspect-zero,-1,0.101,0.072,0.827,Drama
sweeney-todd-the-demon-barber-of-fleet-street,1,0.094,0.127,0.78,Horror
swordfish,0.9998,0.084,0.099,0.817,Action
"synecdoche,-new-york",1,0.099,0.13,0.772,Comedy
syriana,1,0.075,0.117,0.808,Drama
take-shelter,1,0.06,0.094,0.847,Drama
taking-lives,1,0.12,0.161,0.719,Crime
taking-sides,1,0.082,0.132,0.786,Music
tall-in-the-saddle,-0.9991,0.085,0.078,0.836,Romance
tamara-drewe,1,0.109,0.132,0.759,Romance
ted,1,0.092,0.138,0.77,Fantasy
terminator-2-judgement-day,-1,0.098,0.077,0.825,Sci-Fi
terminator-salvation,-1,0.107,0.078,0.815,Thriller
the-abyss,-1,0.11,0.069,0.82,Action
the-addams-family,0.9985,0.074,0.087,0.839,Fantasy
the-adventures-of-buckaroo-banzai-across-the-eighth-dimension,-1,0.105,0.084,0.811,Romance
the-american,0.9951,0.087,0.085,0.828,Thriller
the-amityville-asylum,-0.9997,0.113,0.107,0.78,Horror
the-anniversary-party,1,0.094,0.178,0.729,Drama
the-artist,0.9999,0.089,0.107,0.804,Drama
the-assignment,-0.9998,0.097,0.094,0.809,Thriller
the-avengers,-1,0.127,0.098,0.775,Adventure
the-bachelor-party,1,0.062,0.104,0.833,Drama
the-back-up-plan,1,0.088,0.133,0.778,Comedy
the-battle-of-shaker-heights,0.9999,0.091,0.117,0.792,Comedy
the-believer,-1,0.112,0.09,0.798,Drama
the-best-exotic-marigold-hotel,1,0.072,0.135,0.793,Comedy
the-big-blue,1,0.072,0.122,0.806,Romance
the-big-white,0.9998,0.095,0.107,0.799,Crime
the-birds,0.9974,0.083,0.085,0.831,Drama
the-black-dahlia,-0.9999,0.099,0.089,0.812,Thriller
the-blind-side,1,0.075,0.105,0.82,Drama
the-bling-ring,1,0.061,0.124,0.815,Drama
the-book-of-eli,-0.9996,0.112,0.107,0.782,Action
the-boondock-saints,-1,0.135,0.086,0.779,Thriller
the-bourne-identity,-1,0.101,0.079,0.819,Drama
the-bourne-supremacy,-1,0.097,0.059,0.844,Mystery
the-bourne-ultimatum,-1,0.085,0.049,0.866,Mystery
the-box,0.9999,0.055,0.081,0.864,Sci-Fi
the-breakfast-club,-0.9938,0.11,0.108,0.782,Comedy
the-brothers-bloom,0.9973,0.098,0.104,0.798,Comedy
the-butterfly-effect,-0.9999,0.123,0.103,0.774,Thriller
the-cell,-0.9999,0.112,0.1,0.788,Horror
the-change-up,1,0.118,0.154,0.728,Comedy
the-cider-house-rules,1,0.079,0.115,0.806,Romance
the-cincinnati-kid,1,0.063,0.114,0.823,Drama
the-cooler,1,0.094,0.122,0.784,Drama
the-croods,0.9946,0.098,0.099,0.804,Animation
the-crow-city-of-angels,-1,0.111,0.071,0.818,Fantasy
the-crow,-1,0.136,0.088,0.776,Drama
the-curious-case-of-benjamin-button,1,0.061,0.098,0.842,Fantasy
the-damned-united,1,0.081,0.143,0.776,Drama
the-dark-knight-rises,-1,0.123,0.086,0.791,Crime
the-day-the-clown-cried,0.9999,0.095,0.106,0.799,Drama
the-day-the-earth-stood-still,0.9999,0.085,0.103,0.812,Sci-Fi
the-debt,-0.9192,0.087,0.085,0.828,Action
the-deer-hunter,-0.9999,0.101,0.085,0.814,War
the-departed,-1,0.113,0.09,0.797,Drama
the-descendants,1,0.087,0.123,0.79,Drama
the-distinguished-gentleman,1,0.08,0.143,0.777,Comedy
the-doors,-0.9998,0.126,0.12,0.754,Music
the-fabulous-baker-boys,1,0.067,0.133,0.8,Romance
the-family-man,1,0.054,0.132,0.813,Romance
the-fault-in-our-stars,1,0.093,0.164,0.743,Romance
the-fifth-element,1,0.095,0.119,0.786,Fantasy
the-fighter,-0.9868,0.101,0.101,0.797,Drama
the-flintstones,1,0.067,0.105,0.828,Comedy
the-french-connection,-0.9999,0.074,0.053,0.873,Crime
the-fugitive,-1,0.085,0.064,0.851,Thriller
the-getaway,-0.9987,0.08,0.077,0.843,Action
the-godfather-part-ii,1,0.077,0.117,0.806,Drama
the-godfather,1,0.089,0.113,0.798,Crime
the-graduate,1,0.06,0.11,0.831,Romance
the-green-mile,-1,0.141,0.099,0.76,Drama
the-grifters,1,0.088,0.116,0.796,Drama
the-grudge,-0.9999,0.089,0.067,0.844,Thriller
the-hangover,1,0.095,0.147,0.758,Thriller
the-haunting,-1,0.107,0.084,0.809,Mystery
the-hebrew-hammer,1,0.086,0.12,0.794,Comedy
the-help,1,0.078,0.124,0.798,Drama
the-hills-have-eyes,-0.9999,0.12,0.093,0.787,Thriller
the-hitchhiker's-guide-to-the-galaxy,0.9999,0.089,0.105,0.805,Sci-Fi
the-horse-whisperer,1,0.064,0.159,0.777,Romance
the-hudsucker-proxy,1,0.08,0.114,0.807,Romance
the-ice-storm,1,0.074,0.1,0.826,Drama
the-ides-of-march,1,0.074,0.116,0.81,Drama
the-imaginarium-of-doctor-parnassus,0.9997,0.116,0.122,0.762,Mystery
the-insider,0.9995,0.072,0.083,0.845,Thriller
the-invention-of-lying,-0.9996,0.135,0.132,0.732,Comedy
the-iron-lady,1,0.085,0.145,0.77,Drama
the-island,-1,0.094,0.081,0.825,Sci-Fi
the-italian-job,0.9992,0.087,0.094,0.819,Crime
the-jacket,-0.9998,0.106,0.1,0.794,Fantasy
the-kids-are-all-right,1,0.105,0.14,0.755,Comedy
the-king's-speech,0.9999,0.102,0.121,0.777,Drama
the-king-of-comedy,1,0.054,0.136,0.811,Crime
the-kingdom,-1,0.114,0.096,0.791,Thriller
the-ladykillers,0.9998,0.093,0.106,0.801,Comedy
the-last-boy-scout,-1,0.144,0.098,0.758,Action
the-last-flight,1,0.086,0.129,0.786,Drama
the-last-of-the-mohicans,-1,0.115,0.084,0.801,War
the-last-samurai,-0.9999,0.115,0.106,0.779,Drama
the-last-station,1,0.09,0.149,0.761,Drama
the-life-of-david-gale,0.9995,0.09,0.099,0.811,Crime
the-limey,0.9999,0.082,0.108,0.81,Drama
the-lincoln-lawyer,-0.9932,0.091,0.094,0.815,Crime
the-long-kiss-goodnight,-1,0.142,0.095,0.763,Drama
the-lord-of-the-rings-fellowship-of-the-ring,-0.9967,0.101,0.095,0.804,Action
the-losers,-1,0.122,0.092,0.785,Mystery
the-majestic,1,0.066,0.124,0.81,Drama
the-man-who-knew-too-much,1,0.062,0.085,0.853,Drama
the-man-who-wasn't-there,0.9929,0.088,0.091,0.822,Crime
the-manchurian-candidate,0.9997,0.106,0.109,0.785,Thriller
the-mask,1,0.085,0.115,0.801,Drama
the-master,1,0.083,0.125,0.793,Drama
the-matrix-reloaded,-1,0.11,0.072,0.818,Thriller
the-matrix,-1,0.103,0.079,0.818,Action
the-mechanic,-0.9988,0.101,0.096,0.803,Action
the-men-who-stare-at-goats,-0.9999,0.108,0.095,0.796,Comedy
the-miracle-worker,-0.9957,0.09,0.073,0.837,Drama
the-mummy,-1,0.143,0.09,0.767,Adventure
the-next-three-days,-0.9999,0.093,0.074,0.834,Drama
the-nines,0.9993,0.088,0.095,0.816,Mystery
the-other-boleyn-girl,1,0.091,0.132,0.777,Romance
the-pacifier,0.9999,0.098,0.114,0.789,Comedy
the-perks-of-being-a-wallflower,1,0.088,0.167,0.745,Romance
the-pianist,-0.9998,0.103,0.087,0.81,Drama
the-postman,0.9977,0.099,0.102,0.798,Sci-Fi
the-power-of-one,1,0.086,0.115,0.799,Drama
the-private-life-of-sherlock-holmes,1,0.062,0.091,0.846,Drama
the-producer,0.9999,0.101,0.129,0.77,Comedy
the-program,0.9989,0.106,0.109,0.785,Drama
the-prophecy,-1,0.115,0.093,0.792,Thriller
the-proposal,1,0.095,0.144,0.761,Romance
the-queen,0.9998,0.078,0.091,0.831,Drama
the-rage-carrie-2,1,0.088,0.121,0.79,Sci-Fi
the-reader,0.9997,0.086,0.096,0.818,Drama
the-relic,-1,0.115,0.084,0.801,Horror
the-replacements,0.9978,0.106,0.11,0.784,Comedy
the-revenant,-1,0.099,0.069,0.832,Thriller
the-road,-1,0.111,0.073,0.816,Adventure
the-rock,-1,0.113,0.069,0.818,Action
the-rocky-horror-picture-show,1,0.09,0.142,0.768,Comedy
the-roommate,1,0.085,0.125,0.79,Drama
the-ruins,-1,0.099,0.061,0.84,Thriller
the-salton-sea,-0.9998,0.103,0.094,0.803,Thriller
the-sandlot-kids,0.9999,0.088,0.107,0.805,Drama
the-searchers,-0.9929,0.074,0.072,0.854,Western
the-sessions,1,0.075,0.154,0.771,Romance
the-shining,1,0.06,0.108,0.832,Thriller
the-shipping-news,1,0.098,0.127,0.775,Drama
the-siege,-1,0.105,0.082,0.813,Drama
the-social-network,1,0.055,0.114,0.83,Drama
the-stuntman,-1,0.119,0.103,0.777,Comedy
the-surfer-king,1,0.054,0.117,0.828,Comedy
the-sweet-hereafter,0.9997,0.088,0.101,0.81,Drama
the-taking-of-pelham-one-two-three,-1,0.093,0.071,0.836,Crime
the-talented-mr.-ripley,1,0.079,0.115,0.806,Horror
the-terminator,-1,0.099,0.069,0.832,Drama
the-thing,-1,0.111,0.052,0.838,Horror
the-things-my-father-never-taught-me,0.9994,0.071,0.165,0.764,Short
the-three-musketeers,1,0.105,0.133,0.763,Action
the-time-machine,0.9997,0.086,0.092,0.822,Sci-Fi
the-tourist,0.9999,0.071,0.093,0.835,Drama
the-truman-show,-0.9999,0.088,0.073,0.84,Comedy
the-ugly-truth,1,0.121,0.152,0.727,Comedy
the-verdict,0.9999,0.073,0.096,0.831,Drama
the-visitor,1,0.071,0.141,0.788,Romance
the-way-back,-1,0.102,0.078,0.82,Drama
the-whistleblower,-0.9993,0.099,0.091,0.81,Thriller
the-wild-bunch,-1,0.106,0.076,0.818,Action
the-wolf-of-wall-street,0.9999,0.09,0.111,0.799,Crime
the-woodsman,0.9999,0.086,0.108,0.805,Drama
the-world-is-not-enough,-1,0.111,0.078,0.811,Thriller
the-wrestler,0.9999,0.09,0.11,0.801,Drama
the-x-files-fight-the-future,-0.9999,0.079,0.067,0.854,Action
thelma-&-louise,0.9998,0.096,0.104,0.8,Drama
thirteen-days,-0.9999,0.102,0.095,0.803,Drama
this-boy's-life,1,0.092,0.132,0.776,Drama
this-is-40,1,0.115,0.155,0.729,Comedy
thor,0.9937,0.105,0.107,0.788,Action
three-kings-(spoils-of-war),-1,0.115,0.1,0.786,Action
three-kings,-1,0.13,0.086,0.785,Action
three-men-and-a-baby,0.9999,0.104,0.118,0.779,Family
thunderheart,-0.9999,0.091,0.077,0.832,Thriller
ticker,-0.9999,0.11,0.082,0.808,Crime
timber-falls,0.9899,0.108,0.107,0.785,Thriller
tin-cup,1,0.079,0.115,0.805,Romance
tin-men,1,0.071,0.107,0.822,Comedy
tinker-tailor-soldier-spy,1,0.08,0.12,0.8,Thriller
titanic,1,0.073,0.106,0.821,Drama
tmnt,0.9993,0.093,0.096,0.811,Adventure
to-sleep-with-anger,1,0.081,0.105,0.813,Drama
tomorrow-never-dies,-0.9999,0.094,0.085,0.821,Adventure
total-recall,-0.9997,0.094,0.085,0.82,Sci-Fi
traffic,1,0.084,0.109,0.807,Crime
trainspotting,-0.9999,0.129,0.109,0.762,Drama
transformers-the-movie,-0.9998,0.104,0.094,0.802,Action
tron-legacy,-0.9779,0.107,0.105,0.787,Sci-Fi
tron,1,0.062,0.087,0.85,Sci-Fi
true-lies,-0.9999,0.094,0.086,0.82,Comedy
twilight-new-moon,0.9999,0.109,0.124,0.767,Drama
twilight,1,0.093,0.121,0.787,Drama
twin-peaks,0.9999,0.087,0.105,0.808,Thriller
twins,1,0.077,0.127,0.796,Comedy
two-for-the-money,1,0.087,0.123,0.79,Comedy
u-turn,0.9983,0.128,0.135,0.738,Drama
unbreakable,-0.9955,0.081,0.077,0.842,Fantasy
under-fire,-0.9999,0.113,0.101,0.786,Drama
unknown,-0.9933,0.088,0.085,0.827,Mystery
up-in-the-air,1,0.071,0.136,0.793,Romance
up,1,0.073,0.116,0.812,Comedy
v-for-vendetta,0.9987,0.112,0.118,0.77,Action
valkyrie,0.9984,0.102,0.106,0.792,Drama
vanilla-sky,1,0.097,0.156,0.747,Romance
very-bad-things,-0.9999,0.138,0.114,0.748,Comedy
wag-the-dog,0.9995,0.087,0.095,0.818,Comedy
walking-tall,0.9998,0.078,0.129,0.793,Action
wall-e,-0.9995,0.093,0.08,0.827,Drama
wall-street-money-never-sleeps,1,0.075,0.113,0.812,Drama
wall-street,1,0.076,0.115,0.809,Drama
wanted,-1,0.112,0.059,0.829,Crime
war-horse,0.9999,0.103,0.117,0.78,War
war-of-the-worlds,-0.9998,0.09,0.077,0.833,Action
warm-springs,1,0.075,0.117,0.808,Biography
warrior,-0.9998,0.11,0.099,0.791,Action
watchmen,-1,0.134,0.108,0.758,Action
water-for-elephants,1,0.094,0.126,0.781,Drama
we-own-the-night,1,0.08,0.104,0.816,Thriller
what-about-bob,1,0.083,0.129,0.787,Comedy
what-lies-beneath,1,0.087,0.116,0.797,Horror
when-a-stranger-calls,0.995,0.077,0.081,0.842,Horror
while-she-was-out,-1,0.114,0.075,0.811,Crime
white-christmas,1,0.052,0.13,0.818,Musical
white-jazz,-1,0.121,0.088,0.791,Thriller
white-squall,-0.9961,0.099,0.097,0.804,Drama
whiteout,-0.9999,0.094,0.078,0.828,Thriller
who's-your-daddy,1,0.079,0.156,0.766,Comedy
wild-hogs,1,0.091,0.128,0.781,Adventure
wild-things-diamonds-in-the-rough,-0.9998,0.113,0.103,0.783,Thriller
wild-things,0.9994,0.087,0.095,0.819,Drama
wild-wild-west,0.9998,0.093,0.102,0.805,Sci-Fi
willow,-0.9998,0.107,0.096,0.797,Action
win-win,1,0.088,0.199,0.713,Drama
wind-chill,-1,0.113,0.065,0.822,Thriller
witness,0.9983,0.084,0.089,0.827,Drama
wonder-boys,1,0.079,0.114,0.807,Drama
x-men-origins-wolverine,-0.9998,0.106,0.094,0.799,Sci-Fi
xxx,-0.9999,0.104,0.086,0.809,Thriller
year-one,0.9999,0.096,0.115,0.789,Adventure
yes-man,1,0.076,0.167,0.757,Romance
you-can-count-on-me,1,0.08,0.121,0.799,Drama
youth-in-revolt,1,0.084,0.118,0.798,Romance
zero-dark-thirty,-0.9993,0.087,0.084,0.828,Drama
zerophilia,1,0.104,0.145,0.751,Romance
