"Scene Start","Scene End","neg","neu","pos","compound","Audio Level"
"40.0","112.0","0.091","0.848","0.061","-0.5282","silent"
"112.0","129.0","0.17","0.83","0.0","-0.7783","silent"
"130.0","148.0","0.091","0.673","0.236","0.9221","silent"
"148.0","163.0","0.141","0.805","0.054","-0.6041","silent"
"164.0","186.0","0.057","0.897","0.046","-0.4019","silent"
"186.0","660.0","0.091","0.846","0.064","-0.9935","medium"
"661.0","684.0","0.117","0.792","0.091","-0.6486","silent"
"685.0","751.0","0.105","0.844","0.051","-0.9356","silent"
"752.0","915.0","0.09","0.862","0.048","-0.9841","silent"
"915.0","991.0","0.092","0.833","0.075","-0.5938","silent"
"992.0","1017.0","0.0","1.0","0.0","0.0","silent"
"1018.0","1024.0","0.0","0.924","0.076","0.34","silent"
"1025.0","1034.0","0.0","0.779","0.221","0.6249","silent"
"1035.0","1044.0","0.112","0.888","0.0","-0.5267","silent"
"1045.0","1058.0","0.0","0.948","0.052","0.2023","silent"
"1059.0","1169.0","0.067","0.898","0.036","-0.9364","silent"
"1170.0","1368.0","0.104","0.814","0.082","-0.968","silent"
"1369.0","1402.0","0.0","0.976","0.024","0.3612","silent"
"1403.0","1424.0","0.03","0.924","0.046","0.4404","silent"
"1424.0","1530.0","0.098","0.829","0.073","-0.2748","silent"
"1530.0","1622.0","0.106","0.845","0.049","-0.9231","silent"
"1623.0","1647.0","0.071","0.844","0.084","0.8162","silent"
"1648.0","1864.0","0.119","0.824","0.057","-0.9871","silent"
"1865.0","1984.0","0.073","0.865","0.061","-0.2844","silent"
"1985.0","1999.0","0.071","0.929","0.0","-0.296","silent"
"2000.0","2014.0","0.0","1.0","0.0","0.0","silent"
"2015.0","2044.0","0.0","0.95","0.05","0.0258","silent"
"2045.0","2066.0","0.027","0.931","0.042","0.2732","silent"
"2067.0","2101.0","0.0","0.92","0.08","0.5411","silent"
"2102.0","2279.0","0.05","0.865","0.085","0.9848","silent"
"2280.0","2358.0","0.105","0.851","0.044","-0.9775","silent"
"2360.0","2365.0","0.0","1.0","0.0","0.0","silent"
"2425.0","2429.0","0.129","0.786","0.085","-0.1779","silent"
"2430.0","2496.0","0.079","0.852","0.069","-0.6747","silent"
"2436.0","2440.0","0.068","0.831","0.102","0.2732","silent"
"2497.0","2506.0","0.065","0.935","0.0","-0.1779","silent"
"2507.0","2539.0","0.056","0.876","0.068","0.636","silent"
"2540.0","2557.0","0.054","0.891","0.055","0.0173","medium"
"2558.0","2629.0","0.054","0.914","0.031","-0.6537","silent"
"2630.0","2644.0","0.0","1.0","0.0","0.0","silent"
"2645.0","2864.0","0.021","0.979","0.0","-0.3899","silent"
"2681.0","2850.0","0.077","0.803","0.12","0.9295","silent"
"2865.0","2882.0","0.023","0.9","0.077","0.811","silent"
"2883.0","2909.0","0.0","0.812","0.188","0.6249","silent"
"2910.0","3429.0","0.069","0.834","0.097","0.9846","silent"
"3285.0","3319.0","0.054","0.922","0.024","-0.6522","silent"
"3320.0","3324.0","0.0","1.0","0.0","0.0","medium"
"3325.0","3329.0","0.0","1.0","0.0","0.0","medium"
"3330.0","3429.0","0.105","0.837","0.057","-0.894","medium"
"3429.0","3689.0","0.109","0.833","0.058","-0.9471","silent"
"3490.0","3610.0","0.116","0.807","0.077","-0.9516","silent"
"3610.0","3690.0","0.11","0.831","0.06","-0.8307","silent"
"3690.0","3751.0","0.042","0.857","0.102","0.8228","silent"
"3785.0","3935.0","0.093","0.82","0.087","-0.7564","silent"
"3936.0","4085.0","0.066","0.82","0.114","0.932","silent"
"4137.0","4140.0","0.034","0.966","0.0","-0.34","silent"
"4141.0","4360.0","0.06","0.811","0.129","0.9965","silent"
"4365.0","4430.0","0.046","0.902","0.052","0.6153","silent"
"4495.0","4820.0","0.097","0.82","0.083","-0.5653","silent"
"4824.0","4957.0","0.064","0.845","0.091","0.8968","silent"
"5100.0","5236.0","0.08","0.816","0.104","0.9195","silent"
"5238.0","5274.0","0.096","0.847","0.057","-0.8242","silent"
"5280.0","5298.0","0.032","0.927","0.04","0.3818","silent"
"5310.0","5580.0","0.092","0.825","0.083","-0.8479","silent"
"5585.0","5598.0","0.0","0.875","0.125","0.7506","silent"
"5600.0","5673.0","0.097","0.842","0.062","-0.9659","silent"
"5675.0","5810.0","0.128","0.783","0.089","-0.9757","silent"
"5983.0","6010.0","0.08","0.893","0.027","-0.5994","silent"
"6033.0","6093.0","0.096","0.807","0.097","-0.2023","silent"
"6148.0","6210.0","0.07","0.819","0.111","0.7805","silent"
"6390.0","6770.0","0.08","0.869","0.051","-0.9917","silent"
"6780.0","6810.0","0.09","0.85","0.059","-0.533","silent"
"6811.0","6840.0","0.014","0.869","0.117","0.8762","silent"
"106.0","116.0","0.081","0.776","0.143","0.5435","silent"
"120.0","159.0","0.114","0.804","0.082","-0.6876","silent"
"160.0","203.0","0.167","0.771","0.062","-0.9635","silent"
"204.0","225.0","0.096","0.83","0.074","-0.296","silent"
"227.0","231.0","0.099","0.901","0.0","-0.5574","silent"
"232.0","250.0","0.0","1.0","0.0","0.0","silent"
"251.0","282.0","0.078","0.848","0.073","0.0452","silent"
"283.0","318.0","0.099","0.751","0.15","0.7146","silent"
"319.0","370.0","0.109","0.834","0.057","-0.8816","silent"
"371.0","384.0","0.147","0.772","0.081","-0.2263","silent"
"385.0","408.0","0.122","0.878","0.0","-0.7783","silent"
"426.0","431.0","0.073","0.884","0.043","-0.3182","silent"
"432.0","444.0","0.111","0.889","0.0","-0.5216","silent"
"445.0","540.0","0.059","0.854","0.088","0.453","silent"
"545.0","570.0","0.204","0.773","0.023","-0.9305","silent"
"575.0","590.0","0.171","0.736","0.092","-0.7227","silent"
"592.0","595.0","0.0","1.0","0.0","0.0","silent"
"622.0","783.0","0.091","0.831","0.078","-0.8867","silent"
"784.0","795.0","0.0","0.627","0.373","0.9588","silent"
"796.0","808.0","0.035","0.887","0.078","0.6775","silent"
"809.0","879.0","0.104","0.75","0.146","0.7156","silent"
"884.0","890.0","0.0","0.837","0.163","0.5994","silent"
"891.0","960.0","0.154","0.833","0.013","-0.9008","silent"
"961.0","1042.0","0.03","0.925","0.046","0.4168","silent"
"1043.0","1062.0","0.032","0.895","0.073","0.5267","silent"
"1064.0","1107.0","0.101","0.899","0.0","-0.8516","silent"
"1108.0","1159.0","0.013","0.929","0.058","0.7599","silent"
"1160.0","1164.0","0.0","1.0","0.0","0.0","silent"
"1165.0","1197.0","0.066","0.906","0.028","-0.5575","silent"
"1198.0","1202.0","0.0","1.0","0.0","0.0","silent"
"1203.0","1230.0","0.092","0.767","0.141","0.4404","silent"
"1245.0","1257.0","0.086","0.745","0.169","0.5719","silent"
"1258.0","1366.0","0.024","0.865","0.11","0.9883","silent"
"1367.0","1470.0","0.052","0.877","0.07","0.5256","silent"
"1471.0","1589.0","0.068","0.852","0.079","0.7871","silent"
"1590.0","1610.0","0.099","0.827","0.074","-0.1197","silent"
"1614.0","1647.0","0.071","0.854","0.074","0.1531","silent"
"1648.0","1691.0","0.065","0.83","0.105","0.6808","silent"
"1692.0","1711.0","0.107","0.832","0.061","-0.6854","silent"
"1712.0","1770.0","0.088","0.868","0.044","-0.8619","silent"
"1771.0","1847.0","0.094","0.877","0.03","-0.8458","silent"
"1847.0","1851.0","0.0","1.0","0.0","0.0","silent"
"1852.0","1900.0","0.079","0.889","0.032","-0.7879","silent"
"1879.0","1944.0","0.073","0.824","0.103","0.2441","silent"
"1901.0","1915.0","0.092","0.771","0.137","0.4404","silent"
"1916.0","1938.0","0.229","0.771","0.0","-0.9541","silent"
"1945.0","1960.0","0.133","0.867","0.0","-0.4153","silent"
"1962.0","2002.0","0.073","0.872","0.054","-0.3649","silent"
"2003.0","2060.0","0.121","0.795","0.084","-0.9301","silent"
"2063.0","2065.0","0.0","1.0","0.0","0.0","silent"
"2069.0","2116.0","0.134","0.808","0.058","-0.9283","silent"
"2119.0","2167.0","0.126","0.773","0.101","-0.5411","silent"
"2168.0","2180.0","0.0","1.0","0.0","0.0","silent"
"2181.0","2200.0","0.111","0.841","0.047","-0.4898","silent"
"2201.0","2205.0","0.0","1.0","0.0","0.0","silent"
"2220.0","2235.0","0.049","0.861","0.09","0.453","silent"
"2236.0","2305.0","0.049","0.873","0.079","0.8741","silent"
"2306.0","2320.0","0.0","0.911","0.089","0.6199","silent"
"2321.0","2323.0","0.0","1.0","0.0","0.0","silent"
"2324.0","2348.0","0.208","0.699","0.093","-0.7476","silent"
"2349.0","2442.0","0.061","0.784","0.156","0.9545","silent"
"2443.0","2460.0","0.0","0.757","0.243","0.9337","silent"
"2461.0","2470.0","0.04","0.96","0.0","-0.516","silent"
"2471.0","2493.0","0.026","0.925","0.049","0.6184","silent"
"2494.0","2520.0","0.068","0.904","0.028","-0.4871","silent"
"2525.0","2608.0","0.103","0.897","0.0","-0.1531","silent"
"2608.0","2809.0","0.081","0.827","0.092","0.5815","silent"
"2851.0","3024.0","0.072","0.826","0.102","0.9322","silent"
"3028.0","3070.0","0.074","0.862","0.064","-0.6388","silent"
"3071.0","3111.0","0.045","0.894","0.061","0.2297","silent"
"3140.0","3194.0","0.019","0.932","0.049","0.5859","silent"
"3195.0","3226.0","0.114","0.845","0.041","-0.8984","silent"
"3230.0","3239.0","0.087","0.913","0.0","-0.296","silent"
"3240.0","3248.0","0.099","0.804","0.097","-0.0516","silent"
"3249.0","3253.0","0.124","0.876","0.0","-0.34","medium"
"3254.0","3262.0","0.0","0.904","0.096","0.2023","medium"
"3263.0","3269.0","0.0","1.0","0.0","0.0","silent"
"3270.0","3318.0","0.046","0.936","0.018","-0.643","silent"
"3319.0","3380.0","0.038","0.845","0.118","0.9455","silent"
"3381.0","3396.0","0.0","1.0","0.0","0.0","silent"
"3397.0","3411.0","0.031","0.851","0.119","0.6486","silent"
"3412.0","3484.0","0.061","0.817","0.121","0.9024","silent"
"3485.0","3498.0","0.0","1.0","0.0","0.0","silent"
"3505.0","3536.0","0.013","0.855","0.132","0.9605","silent"
"3537.0","3545.0","0.052","0.813","0.135","0.8588","silent"
"3546.0","3555.0","0.271","0.624","0.106","-0.7662","silent"
"3565.0","3581.0","0.05","0.898","0.052","0.0258","silent"
"3582.0","3590.0","0.212","0.788","0.0","-0.6249","silent"
"3591.0","3613.0","0.072","0.817","0.111","0.3853","silent"
"3614.0","3654.0","0.081","0.839","0.081","0.0","silent"
"3655.0","3684.0","0.095","0.824","0.081","0.4815","silent"
"3685.0","3690.0","0.094","0.906","0.0","-0.4019","silent"
"3693.0","3715.0","0.326","0.674","0.0","-0.6486","silent"
"3717.0","3793.0","0.108","0.876","0.016","-0.9551","silent"
"3795.0","3843.0","0.103","0.847","0.05","-0.9029","silent"
"3855.0","3898.0","0.078","0.884","0.038","-0.5943","silent"
"3899.0","4080.0","0.06","0.894","0.045","-0.5618","silent"
"4081.0","4101.0","0.143","0.63","0.227","0.25","silent"
"4102.0","4110.0","0.117","0.826","0.058","-0.5204","silent"
"4111.0","4120.0","0.0","0.874","0.126","0.5574","silent"
"4121.0","4131.0","0.189","0.755","0.057","-0.5994","silent"
"4132.0","4147.0","0.259","0.741","0.0","-0.7506","silent"
"4147.0","4180.0","0.101","0.899","0.0","-0.7319","silent"
"4183.0","4185.0","0.0","1.0","0.0","0.0","silent"
"4187.0","4234.0","0.095","0.846","0.059","-0.5719","silent"
"4237.0","4297.0","0.011","0.85","0.139","0.9767","silent"
"4298.0","4381.0","0.135","0.771","0.094","-0.8773","silent"
"4382.0","4435.0","0.062","0.85","0.088","0.8147","silent"
"4437.0","4475.0","0.077","0.891","0.032","-0.4939","silent"
"4479.0","4570.0","0.032","0.848","0.121","0.9714","silent"
"4572.0","4643.0","0.111","0.802","0.087","-0.4939","silent"
"4645.0","4660.0","0.0","0.816","0.184","0.7269","silent"
"4661.0","4680.0","0.073","0.927","0.0","-0.296","silent"
"4680.0","4700.0","0.038","0.849","0.113","0.5267","silent"
"4705.0","4719.0","0.0","0.535","0.465","0.832","silent"
"4720.0","4765.0","0.103","0.723","0.175","0.9091","silent"
"4766.0","4800.0","0.081","0.738","0.181","0.6808","silent"
"4810.0","4867.0","0.0","1.0","0.0","0.0","silent"
"4870.0","4889.0","0.198","0.802","0.0","-0.8555","silent"
"4909.0","4954.0","0.042","0.906","0.052","0.1759","silent"
"4955.0","5005.0","0.031","0.899","0.07","0.7398","silent"
"5006.0","5028.0","0.207","0.725","0.068","-0.7574","silent"
"5029.0","5033.0","0.167","0.833","0.0","-0.296","silent"
"5035.0","5102.0","0.056","0.877","0.067","0.5425","silent"
"5103.0","5135.0","0.228","0.746","0.026","-0.93","silent"
"5136.0","5220.0","0.083","0.843","0.074","-0.3485","silent"
"5222.0","5269.0","0.105","0.895","0.0","-0.8483","silent"
"5280.0","5307.0","0.131","0.82","0.049","-0.8213","silent"
"5309.0","5384.0","0.092","0.84","0.068","-0.4215","silent"
"5385.0","5431.0","0.077","0.787","0.136","0.8252","silent"
"5434.0","5450.0","0.205","0.635","0.16","-0.2617","silent"
"5455.0","5490.0","0.022","0.856","0.122","0.872","silent"
"5491.0","5520.0","0.074","0.787","0.14","0.8834","silent"
"5521.0","5552.0","0.087","0.888","0.025","-0.7248","silent"
"5553.0","5644.0","0.057","0.854","0.089","0.687","silent"
"5645.0","5650.0","0.0","0.855","0.145","0.5994","silent"
"5653.0","5685.0","0.112","0.82","0.068","-0.8585","silent"
"5686.0","5690.0","0.0","0.782","0.218","0.5994","silent"
"5691.0","5695.0","0.081","0.919","0.0","-0.3182","silent"
"5696.0","5701.0","0.0","1.0","0.0","0.0","silent"
"5702.0","5715.0","0.05","0.908","0.042","-0.128","silent"
"5717.0","5740.0","0.213","0.787","0.0","-0.9337","silent"
"5742.0","5775.0","0.096","0.904","0.0","-0.7184","silent"
"5805.0","5840.0","0.317","0.653","0.03","-0.9655","silent"
"5865.0","5883.0","0.19","0.728","0.082","-0.8531","silent"
"5885.0","5900.0","0.0","1.0","0.0","0.0","silent"
"5905.0","5920.0","0.125","0.844","0.031","-0.6523","silent"
"5923.0","5965.0","0.104","0.831","0.065","-0.5673","silent"
"5966.0","6120.0","0.056","0.937","0.007","-0.8608","silent"
"6121.0","6142.0","0.0","1.0","0.0","0.0","silent"
"6143.0","6148.0","0.0","0.772","0.228","0.7351","silent"
"6149.0","6154.0","0.0","0.679","0.321","0.5837","silent"
"6155.0","6157.0","0.0","0.82","0.18","0.296","silent"
"6157.0","6165.0","0.182","0.76","0.058","-0.6597","silent"
"6166.0","6224.0","0.121","0.781","0.098","-0.6876","silent"
"6225.0","6245.0","0.172","0.694","0.134","-0.5053","silent"
"6250.0","6258.0","0.076","0.924","0.0","-0.5067","silent"
"6259.0","6273.0","0.232","0.731","0.037","-0.9245","silent"
"6274.0","6276.0","0.119","0.58","0.301","0.5574","silent"
"6277.0","6281.0","0.431","0.569","0.0","-0.8442","silent"
"6282.0","6313.0","0.053","0.825","0.122","0.6747","silent"
"6314.0","6355.0","0.121","0.836","0.044","-0.8516","silent"
"6371.0","6413.0","0.065","0.909","0.027","-0.8726","silent"
"6420.0","6564.0","0.086","0.839","0.076","-0.4843","silent"
"6565.0","6620.0","0.132","0.782","0.086","-0.6859","silent"
"6624.0","6810.0","0.086","0.81","0.104","0.8985","silent"
"6820.0","6830.0","0.138","0.862","0.0","-0.34","silent"
"6833.0","6895.0","0.12","0.746","0.134","-0.4021","silent"
"6895.0","6898.0","0.125","0.875","0.0","-0.25","silent"
"6906.0","6925.0","0.0","0.741","0.259","0.6808","silent"
"6957.0","7050.0","0.097","0.828","0.074","-0.77","silent"
"7054.0","7119.0","0.144","0.752","0.104","-0.8641","silent"
"7120.0","7177.0","0.086","0.8","0.114","0.2168","silent"
"7178.0","7260.0","0.103","0.876","0.021","-0.9734","silent"
"7265.0","7275.0","0.148","0.817","0.035","-0.7767","silent"
"7293.0","7445.0","0.107","0.716","0.176","0.9287","silent"
"25.0","85.0","0.084","0.916","0.0","-0.5106","silent"
"100.0","243.0","0.026","0.915","0.059","0.7269","silent"
"244.0","389.0","0.031","0.876","0.093","0.9941","silent"
"391.0","400.0","0.0","0.948","0.052","0.6705","silent"
"402.0","440.0","0.101","0.805","0.093","-0.6036","silent"
"444.0","450.0","0.069","0.931","0.0","-0.3818","silent"
"451.0","470.0","0.073","0.851","0.076","0.1635","silent"
"471.0","480.0","0.0","1.0","0.0","0.0","silent"
"540.0","588.0","0.067","0.875","0.058","-0.4841","silent"
"590.0","595.0","0.051","0.949","0.0","-0.0772","silent"
"596.0","608.0","0.082","0.918","0.0","-0.6973","silent"
"632.0","670.0","0.045","0.715","0.24","0.9694","silent"
"671.0","720.0","0.0","0.901","0.099","0.7003","silent"
"721.0","743.0","0.078","0.908","0.014","-0.7096","silent"
"745.0","859.0","0.025","0.893","0.082","0.966","silent"
"860.0","892.0","0.025","0.975","0.0","-0.2263","silent"
"893.0","1050.0","0.111","0.842","0.047","-0.9871","silent"
"1051.0","1100.0","0.081","0.88","0.038","-0.5204","silent"
"1101.0","1112.0","0.086","0.914","0.0","-0.7096","silent"
"1113.0","1130.0","0.0","0.943","0.057","0.128","silent"
"1185.0","1214.0","0.125","0.827","0.048","-0.9533","silent"
"1225.0","1325.0","0.123","0.851","0.026","-0.9916","silent"
"1326.0","1360.0","0.054","0.862","0.084","0.5052","silent"
"1361.0","1380.0","0.158","0.775","0.067","-0.6523","silent"
"1400.0","1410.0","0.068","0.864","0.068","-0.0085","silent"
"1415.0","1433.0","0.046","0.893","0.06","0.1531","silent"
"1435.0","1460.0","0.018","0.931","0.052","0.5719","silent"
"1461.0","1470.0","0.017","0.983","0.0","-0.1531","medium"
"1471.0","1475.0","0.0","1.0","0.0","0.0","medium"
"1476.0","1485.0","0.098","0.902","0.0","-0.8074","medium"
"1525.0","1545.0","0.206","0.794","0.0","-0.9747","medium"
"1583.0","1605.0","0.158","0.821","0.02","-0.9902","medium"
"1606.0","1645.0","0.1","0.876","0.024","-0.9436","medium"
"1646.0","1671.0","0.097","0.89","0.013","-0.9771","silent"
"1685.0","1714.0","0.071","0.874","0.054","-0.6408","silent"
"1720.0","1740.0","0.117","0.847","0.036","-0.9612","silent"
"1742.0","1835.0","0.13","0.827","0.043","-0.9935","silent"
"1840.0","1864.0","0.053","0.9","0.047","-0.5151","silent"
"1871.0","1895.0","0.094","0.893","0.013","-0.9371","silent"
"1896.0","1904.0","0.0","1.0","0.0","0.0","silent"
"1905.0","1955.0","0.064","0.889","0.047","-0.3595","silent"
"2025.0","2093.0","0.124","0.829","0.047","-0.6808","silent"
"2094.0","2128.0","0.085","0.915","0.0","-0.8091","silent"
"2190.0","2228.0","0.146","0.772","0.082","-0.7551","silent"
"2229.0","2268.0","0.13","0.829","0.041","-0.9687","silent"
"2270.0","2295.0","0.085","0.892","0.023","-0.908","silent"
"2296.0","2302.0","0.091","0.909","0.0","-0.296","silent"
"2305.0","2350.0","0.073","0.898","0.029","-0.7178","silent"
"2355.0","2400.0","0.114","0.886","0.0","-0.7236","silent"
"2411.0","2435.0","0.073","0.911","0.016","-0.7351","silent"
"2436.0","2445.0","0.135","0.838","0.027","-0.7003","silent"
"2446.0","2460.0","0.033","0.904","0.063","0.3612","silent"
"2461.0","2464.0","0.182","0.804","0.014","-0.9567","silent"
"2465.0","2470.0","0.154","0.846","0.0","-0.4767","silent"
"2471.0","2475.0","0.066","0.862","0.072","0.09","silent"
"2476.0","2478.0","0.0","1.0","0.0","0.0","silent"
"2479.0","2490.0","0.132","0.789","0.079","-0.2732","silent"
"2491.0","2520.0","0.113","0.82","0.068","-0.3941","silent"
"2521.0","2525.0","0.167","0.74","0.093","-0.4881","silent"
"2526.0","2536.0","0.147","0.853","0.0","-0.6369","silent"
"2537.0","2580.0","0.172","0.818","0.01","-0.9545","silent"
"2587.0","2605.0","0.075","0.891","0.034","-0.3818","silent"
"2615.0","2634.0","0.254","0.746","0.0","-0.9179","silent"
"2635.0","2793.0","0.113","0.853","0.033","-0.9762","silent"
"2793.0","2830.0","0.077","0.811","0.112","0.5672","silent"
"2831.0","2858.0","0.172","0.713","0.115","-0.799","silent"
"2859.0","2862.0","0.201","0.625","0.174","-0.1027","silent"
"2863.0","2910.0","0.246","0.731","0.023","-0.9722","medium"
"2911.0","3038.0","0.129","0.832","0.039","-0.9922","silent"
"3039.0","3055.0","0.04","0.896","0.064","0.079","silent"
"3056.0","3200.0","0.068","0.82","0.113","0.9404","silent"
"3255.0","3412.0","0.062","0.903","0.035","-0.9405","silent"
"3413.0","3455.0","0.03","0.911","0.059","0.4767","silent"
"3456.0","3558.0","0.129","0.812","0.059","-0.9904","silent"
"3559.0","3697.0","0.059","0.913","0.028","-0.9714","silent"
"3698.0","3760.0","0.074","0.894","0.032","-0.931","silent"
"3790.0","4005.0","0.125","0.84","0.036","-0.9945","silent"
"4006.0","4089.0","0.117","0.828","0.056","-0.981","silent"
"4090.0","4126.0","0.318","0.682","0.0","-0.7901","silent"
"4128.0","4305.0","0.071","0.855","0.074","-0.38","silent"
"4318.0","4335.0","0.095","0.905","0.0","-0.4215","silent"
"4339.0","4358.0","0.198","0.679","0.123","-0.4404","silent"
"4359.0","4365.0","0.039","0.961","0.0","-0.1531","silent"
"4381.0","4420.0","0.134","0.866","0.0","-0.6369","silent"
"4421.0","4450.0","0.272","0.684","0.044","-0.9759","silent"
"4451.0","4464.0","0.081","0.919","0.0","-0.296","silent"
"4465.0","4535.0","0.056","0.873","0.071","0.4282","silent"
"4536.0","4600.0","0.136","0.845","0.019","-0.9914","silent"
"4600.0","4615.0","0.25","0.697","0.053","-0.8531","silent"
"4616.0","4640.0","0.085","0.865","0.051","-0.4019","silent"
"4641.0","4660.0","0.045","0.955","0.0","-0.3612","medium"
"4661.0","4676.0","0.046","0.926","0.028","-0.296","medium"
"4677.0","4755.0","0.204","0.724","0.072","-0.9894","silent"
"4756.0","4765.0","0.074","0.926","0.0","-0.1531","silent"
"4788.0","4855.0","0.139","0.784","0.077","-0.8449","silent"
"4905.0","4965.0","0.068","0.91","0.022","-0.9175","silent"
"4966.0","4975.0","0.048","0.799","0.154","0.8038","silent"
"4990.0","5055.0","0.052","0.882","0.066","0.4404","silent"
"5073.0","5108.0","0.07","0.799","0.131","0.3612","silent"
"5109.0","5145.0","0.083","0.823","0.093","0.1697","silent"
"5146.0","5166.0","0.077","0.838","0.085","0.2342","silent"
"5190.0","5227.0","0.057","0.924","0.018","-0.5719","silent"
"5224.0","5240.0","0.143","0.857","0.0","-0.9068","silent"
"5247.0","5255.0","0.225","0.775","0.0","-0.7717","silent"
"5315.0","5367.0","0.106","0.871","0.023","-0.91","medium"
"5425.0","5450.0","0.128","0.835","0.037","-0.7672","silent"
"5494.0","5508.0","0.356","0.644","0.0","-0.9758","silent"
"5614.0","5634.0","0.0","1.0","0.0","0.0","silent"
"5970.0","6045.0","0.126","0.823","0.051","-0.9606","silent"
"6058.0","6084.0","0.141","0.751","0.108","-0.727","medium"
"6085.0","6140.0","0.124","0.828","0.048","-0.8989","silent"
"6141.0","6155.0","0.031","0.896","0.073","0.4588","silent"
"6156.0","6172.0","0.0","1.0","0.0","0.0","silent"
"15.0","40.0","0.062","0.718","0.22","0.9289","silent"
"41.0","60.0","0.06","0.797","0.142","0.6062","silent"
"61.0","72.0","0.153","0.764","0.084","-0.2263","silent"
"73.0","565.0","0.127","0.766","0.107","-0.9888","silent"
"566.0","623.0","0.076","0.875","0.049","-0.7183","silent"
"624.0","660.0","0.084","0.837","0.079","0.0688","silent"
"661.0","665.0","0.08","0.92","0.0","-0.2716","silent"
"666.0","670.0","0.174","0.826","0.0","-0.5647","silent"
"671.0","680.0","0.104","0.845","0.051","-0.3612","silent"
"681.0","690.0","0.289","0.673","0.039","-0.9054","silent"
"710.0","750.0","0.085","0.888","0.027","-0.88","silent"
"751.0","763.0","0.101","0.899","0.0","-0.7955","silent"
"766.0","787.0","0.026","0.879","0.095","0.7783","silent"
"788.0","790.0","0.0","0.842","0.158","0.6369","silent"
"791.0","1020.0","0.06","0.824","0.116","0.9877","silent"
"1021.0","1040.0","0.055","0.817","0.128","0.6448","silent"
"1041.0","1110.0","0.224","0.724","0.052","-0.9961","silent"
"1111.0","1128.0","0.141","0.796","0.063","-0.7964","silent"
"1129.0","1160.0","0.043","0.835","0.122","0.9367","silent"
"1164.0","1290.0","0.138","0.764","0.098","-0.969","silent"
"1292.0","1320.0","0.101","0.842","0.057","-0.2023","silent"
"1321.0","1357.0","0.023","0.824","0.153","0.8924","silent"
"1358.0","1440.0","0.067","0.87","0.063","-0.4215","silent"
"1475.0","1734.0","0.112","0.827","0.061","-0.9907","silent"
"1735.0","1740.0","0.044","0.956","0.0","-0.4019","silent"
"1741.0","1814.0","0.153","0.804","0.043","-0.9857","silent"
"1815.0","1817.0","0.0","1.0","0.0","0.0","silent"
"1818.0","1827.0","0.062","0.887","0.051","-0.1613","silent"
"1828.0","1895.0","0.072","0.893","0.035","-0.8382","silent"
"1897.0","1940.0","0.091","0.864","0.045","-0.855","silent"
"1945.0","1975.0","0.04","0.854","0.106","0.449","silent"
"1976.0","2040.0","0.075","0.837","0.089","-0.6136","silent"
"2082.0","2140.0","0.045","0.891","0.064","0.597","silent"
"2144.0","2196.0","0.049","0.875","0.076","0.7893","silent"
"2197.0","2248.0","0.036","0.78","0.184","0.9898","silent"
"2249.0","2285.0","0.135","0.76","0.105","-0.7582","silent"
"2310.0","2349.0","0.125","0.841","0.034","-0.9618","silent"
"2350.0","2360.0","0.086","0.914","0.0","-0.4588","silent"
"2361.0","2385.0","0.118","0.856","0.026","-0.8597","silent"
"2386.0","2520.0","0.187","0.76","0.053","-0.9977","silent"
"2525.0","2570.0","0.149","0.777","0.074","-0.9446","silent"
"2575.0","2668.0","0.194","0.774","0.032","-0.9958","silent"
"2669.0","2710.0","0.202","0.729","0.069","-0.9791","silent"
"2712.0","2875.0","0.171","0.779","0.05","-0.9968","silent"
"2877.0","2885.0","0.099","0.836","0.065","-0.2903","silent"
"2900.0","3008.0","0.096","0.77","0.134","0.9706","silent"
"3009.0","3062.0","0.063","0.712","0.225","0.9899","silent"
"3063.0","3085.0","0.085","0.886","0.029","-0.7783","silent"
"3104.0","3120.0","0.088","0.912","0.0","-0.5994","silent"
"3130.0","3184.0","0.094","0.83","0.076","-0.3609","silent"
"3185.0","3264.0","0.065","0.894","0.041","-0.8282","silent"
"3275.0","3439.0","0.167","0.774","0.059","-0.9941","silent"
"3495.0","3507.0","0.099","0.738","0.163","0.8035","silent"
"3509.0","3523.0","0.032","0.93","0.038","0.2656","silent"
"3524.0","3545.0","0.117","0.858","0.025","-0.8668","silent"
"3546.0","3623.0","0.111","0.857","0.032","-0.939","silent"
"3624.0","3674.0","0.112","0.779","0.109","-0.0772","silent"
"3675.0","3689.0","0.072","0.804","0.124","0.4995","silent"
"3690.0","3700.0","0.0","1.0","0.0","0.0","silent"
"3701.0","3759.0","0.052","0.848","0.1","0.9243","silent"
"3760.0","3780.0","0.039","0.917","0.044","0.368","silent"
"3781.0","3845.0","0.071","0.841","0.087","0.4019","silent"
"3848.0","3852.0","0.125","0.875","0.0","-0.4019","silent"
"3853.0","4005.0","0.123","0.811","0.066","-0.9909","silent"
"4006.0","4029.0","0.142","0.808","0.049","-0.9482","silent"
"4030.0","4090.0","0.086","0.82","0.094","0.264","silent"
"4091.0","4118.0","0.0","0.867","0.133","0.9246","silent"
"4121.0","4305.0","0.177","0.696","0.127","-0.9087","silent"
"4306.0","4403.0","0.131","0.82","0.049","-0.9794","silent"
"4404.0","4445.0","0.024","0.815","0.162","0.9423","silent"
"4446.0","4470.0","0.054","0.812","0.135","0.5423","silent"
"4484.0","4521.0","0.031","0.969","0.0","-0.3818","silent"
"4522.0","4555.0","0.156","0.826","0.018","-0.9652","silent"
"4556.0","4585.0","0.087","0.774","0.138","0.3182","silent"
"4586.0","4685.0","0.079","0.845","0.076","-0.8407","silent"
"4686.0","4800.0","0.106","0.83","0.064","-0.9049","silent"
"4801.0","4825.0","0.035","0.965","0.0","-0.2263","silent"
"4830.0","4845.0","0.106","0.86","0.034","-0.5953","silent"
"4846.0","4880.0","0.172","0.73","0.098","-0.7728","silent"
"4890.0","4925.0","0.193","0.776","0.031","-0.8871","silent"
"4951.0","4970.0","0.122","0.834","0.044","-0.9239","silent"
"5010.0","5036.0","0.1","0.9","0.0","-0.8603","silent"
"5055.0","5070.0","0.355","0.645","0.0","-0.9124","silent"
"5100.0","5156.0","0.083","0.868","0.049","-0.6597","silent"
"5165.0","5245.0","0.098","0.848","0.054","-0.942","silent"
"5246.0","5258.0","0.029","0.79","0.182","0.9102","silent"
"5259.0","5303.0","0.186","0.785","0.029","-0.9929","silent"
"5304.0","5319.0","0.213","0.699","0.088","-0.9552","silent"
"5320.0","5389.0","0.149","0.788","0.064","-0.9817","silent"
"5390.0","5730.0","0.111","0.825","0.064","-0.9917","silent"
"5731.0","5805.0","0.164","0.788","0.047","-0.9615","silent"
"5806.0","5873.0","0.259","0.699","0.043","-0.9971","silent"
"5874.0","5985.0","0.158","0.796","0.046","-0.9779","silent"
"5986.0","6010.0","0.164","0.776","0.061","-0.9716","silent"
"6026.0","6090.0","0.136","0.739","0.125","-0.8465","silent"
"155.0","198.0","0.15","0.814","0.037","-0.964","silent"
"199.0","206.0","0.112","0.804","0.084","0.0516","silent"
"207.0","270.0","0.208","0.712","0.079","-0.9371","silent"
"274.0","292.0","0.135","0.787","0.078","-0.34","silent"
"293.0","294.0","0.0","0.802","0.198","0.4939","silent"
"297.0","332.0","0.103","0.856","0.041","-0.8731","silent"
"341.0","372.0","0.172","0.788","0.041","-0.9619","silent"
"373.0","394.0","0.123","0.854","0.023","-0.8669","silent"
"395.0","422.0","0.162","0.805","0.033","-0.9579","silent"
"427.0","432.0","0.303","0.697","0.0","-0.91","silent"
"433.0","441.0","0.062","0.676","0.262","0.8537","silent"
"449.0","528.0","0.182","0.764","0.054","-0.9934","silent"
"529.0","534.0","0.0","1.0","0.0","0.0","silent"
"535.0","628.0","0.071","0.895","0.034","-0.8784","silent"
"629.0","680.0","0.193","0.682","0.125","-0.8185","silent"
"681.0","775.0","0.092","0.883","0.025","-0.8815","silent"
"776.0","836.0","0.036","0.868","0.096","0.552","silent"
"840.0","885.0","0.056","0.944","0.0","-0.5719","silent"
"887.0","900.0","0.072","0.885","0.043","-0.4168","silent"
"901.0","909.0","0.0","0.813","0.187","0.5994","silent"
"910.0","940.0","0.0","1.0","0.0","0.0","silent"
"941.0","950.0","0.0","0.631","0.369","0.6249","silent"
"941.0","991.0","0.119","0.83","0.051","-0.854","silent"
"993.0","1177.0","0.055","0.867","0.077","0.8775","silent"
"1180.0","1412.0","0.071","0.769","0.161","0.9988","silent"
"1413.0","1532.0","0.054","0.863","0.083","0.8908","silent"
"1533.0","1568.0","0.231","0.769","0.0","-0.7579","silent"
"1570.0","1594.0","0.084","0.849","0.067","-0.2035","silent"
"1595.0","1630.0","0.101","0.849","0.051","-0.8226","silent"
"1634.0","1647.0","0.114","0.822","0.064","-0.4909","silent"
"1648.0","1664.0","0.085","0.842","0.073","-0.2328","silent"
"1665.0","1673.0","0.082","0.774","0.143","0.801","silent"
"1674.0","1681.0","0.128","0.872","0.0","-0.9306","silent"
"1682.0","1692.0","0.022","0.892","0.086","0.5267","silent"
"1693.0","1724.0","0.097","0.864","0.039","-0.8929","silent"
"1750.0","1924.0","0.067","0.882","0.052","-0.7588","silent"
"1925.0","1953.0","0.117","0.845","0.037","-0.9292","silent"
"1954.0","2212.0","0.114","0.751","0.135","0.9643","silent"
"2213.0","2220.0","0.528","0.472","0.0","-0.9041","silent"
"2221.0","2344.0","0.179","0.754","0.067","-0.9932","silent"
"2346.0","2404.0","0.083","0.881","0.036","-0.8881","silent"
"2405.0","2410.0","0.0","1.0","0.0","0.0","silent"
"2411.0","2453.0","0.102","0.777","0.121","0.5682","silent"
"2455.0","2459.0","0.339","0.522","0.139","-0.5106","medium"
"2460.0","2501.0","0.171","0.771","0.058","-0.9136","silent"
"2502.0","2546.0","0.091","0.857","0.053","-0.7717","silent"
"2547.0","2567.0","0.115","0.824","0.061","-0.6705","silent"
"2600.0","2639.0","0.056","0.933","0.011","-0.659","silent"
"2648.0","2689.0","0.081","0.822","0.097","0.3612","silent"
"2690.0","2853.0","0.16","0.739","0.101","-0.9927","silent"
"2855.0","2860.0","0.053","0.947","0.0","-0.2755","silent"
"2861.0","2992.0","0.059","0.856","0.085","0.8973","silent"
"2993.0","2997.0","0.0","0.888","0.112","0.2263","silent"
"2998.0","3072.0","0.145","0.795","0.06","-0.9784","silent"
"3073.0","3077.0","0.505","0.495","0.0","-0.6249","silent"
"3078.0","3101.0","0.027","0.925","0.048","0.4137","silent"
"3103.0","3135.0","0.052","0.915","0.033","-0.3903","silent"
"3139.0","3160.0","0.035","0.871","0.093","0.843","silent"
"3161.0","3251.0","0.096","0.85","0.054","-0.7786","silent"
"3252.0","3271.0","0.072","0.868","0.06","0.0772","silent"
"3273.0","3295.0","0.042","0.887","0.071","0.5996","silent"
"3297.0","3299.0","0.0","1.0","0.0","0.0","silent"
"3300.0","3302.0","0.0","1.0","0.0","0.0","silent"
"3303.0","3316.0","0.099","0.901","0.0","-0.4926","silent"
"3305.0","3371.0","0.0","0.887","0.113","0.3182","silent"
"3317.0","3328.0","0.085","0.856","0.059","-0.3365","medium"
"3329.0","3336.0","0.228","0.772","0.0","-0.7088","silent"
"3337.0","3343.0","0.133","0.803","0.064","-0.3612","medium"
"3372.0","3383.0","0.058","0.911","0.031","-0.3578","silent"
"3385.0","3389.0","0.324","0.676","0.0","-0.34","medium"
"3390.0","3419.0","0.088","0.867","0.045","-0.7753","silent"
"3420.0","3425.0","0.524","0.476","0.0","-0.6705","silent"
"3426.0","3533.0","0.12","0.769","0.111","0.5315","silent"
"3534.0","3552.0","0.0","0.934","0.066","0.4019","medium"
"3553.0","3763.0","0.093","0.833","0.074","-0.7773","silent"
"3764.0","3790.0","0.166","0.74","0.094","-0.7026","silent"
"3794.0","3836.0","0.12","0.833","0.047","-0.9595","silent"
"3839.0","3846.0","0.109","0.794","0.097","-0.1426","silent"
"3851.0","3860.0","0.057","0.816","0.127","0.5719","silent"
"3863.0","3920.0","0.102","0.836","0.062","-0.839","silent"
"3922.0","3930.0","0.128","0.752","0.12","0.1531","silent"
"3931.0","3944.0","0.1","0.736","0.164","0.2263","silent"
"3945.0","3954.0","0.104","0.84","0.057","-0.4389","silent"
"3955.0","3960.0","0.166","0.707","0.127","-0.3365","silent"
"3961.0","3975.0","0.053","0.903","0.044","-0.128","silent"
"3976.0","4018.0","0.077","0.868","0.055","-0.5848","silent"
"4019.0","4059.0","0.166","0.781","0.053","-0.9311","silent"
"4060.0","4102.0","0.0","0.959","0.041","0.4939","silent"
"4103.0","4352.0","0.086","0.791","0.123","0.9908","silent"
"4209.0","4936.0","0.065","0.91","0.025","-0.9481","silent"
"4353.0","4412.0","0.023","0.944","0.033","-0.0387","silent"
"4413.0","4434.0","0.102","0.898","0.0","-0.7579","silent"
"4435.0","4445.0","0.0","0.923","0.077","0.5707","silent"
"4446.0","4556.0","0.138","0.815","0.047","-0.9898","silent"
"4557.0","4582.0","0.024","0.871","0.105","0.9051","silent"
"4583.0","4629.0","0.107","0.769","0.124","-0.2705","silent"
"4634.0","4673.0","0.082","0.86","0.059","-0.573","silent"
"4675.0","4686.0","0.082","0.918","0.0","-0.658","silent"
"4687.0","4748.0","0.083","0.788","0.129","0.9213","silent"
"4937.0","4986.0","0.05","0.888","0.062","0.5435","silent"
"4987.0","5009.0","0.023","0.925","0.053","0.0","silent"
"5010.0","5018.0","0.0","0.952","0.048","0.2037","silent"
"5019.0","5029.0","0.15","0.747","0.102","-0.7163","silent"
"5030.0","5041.0","0.072","0.724","0.203","0.6526","silent"
"5042.0","5047.0","0.112","0.888","0.0","-0.5267","silent"
"5048.0","5053.0","0.0","1.0","0.0","0.0","silent"
"5054.0","5059.0","0.0","1.0","0.0","0.0","silent"
"5060.0","5065.0","0.101","0.899","0.0","-0.466","silent"
"5066.0","5071.0","0.217","0.783","0.0","-0.3612","silent"
"5072.0","5089.0","0.269","0.731","0.0","-0.9616","silent"
"5090.0","5096.0","0.133","0.644","0.223","0.7906","silent"
"5101.0","5143.0","0.0","0.914","0.086","0.6249","silent"
"5221.0","5254.0","0.085","0.879","0.036","-0.8819","silent"
"5255.0","5263.0","0.202","0.75","0.049","-0.9382","silent"
"5264.0","5270.0","0.107","0.791","0.102","-0.0772","medium"
"5271.0","5276.0","0.0","0.966","0.034","0.0258","silent"
"5277.0","5358.0","0.059","0.894","0.047","-0.8447","silent"
"5364.0","5372.0","0.032","0.925","0.043","0.1531","silent"
"5373.0","5381.0","0.0","1.0","0.0","0.0","silent"
"5382.0","5395.0","0.044","0.927","0.029","-0.2905","silent"
"5396.0","5489.0","0.129","0.77","0.101","-0.8445","silent"
"5490.0","5504.0","0.032","0.767","0.201","0.9219","silent"
"5505.0","5521.0","0.068","0.852","0.08","0.2244","silent"
"5522.0","5527.0","0.084","0.916","0.0","-0.636","silent"
"5528.0","5577.0","0.138","0.835","0.027","-0.991","silent"
"5578.0","5587.0","0.042","0.828","0.13","0.68","silent"
"5605.0","5617.0","0.147","0.853","0.0","-0.6908","silent"
"5618.0","5623.0","0.136","0.864","0.0","-0.6229","silent"
"5628.0","5642.0","0.073","0.828","0.099","0.3802","silent"
"5643.0","5644.0","0.256","0.744","0.0","-0.4767","silent"
"5645.0","5647.0","0.0","1.0","0.0","0.0","silent"
"5648.0","5650.0","0.0","1.0","0.0","0.0","silent"
"5651.0","5660.0","0.0","0.925","0.075","0.2942","silent"
"5664.0","5665.0","0.151","0.753","0.097","-0.128","silent"
"5667.0","5669.0","0.0","0.909","0.091","0.0516","silent"
"5670.0","5674.0","0.256","0.744","0.0","-0.5848","silent"
"5676.0","5740.0","0.0","1.0","0.0","0.0","medium"
"5697.0","5700.0","0.286","0.714","0.0","-0.3818","medium"
"5701.0","5712.0","0.116","0.851","0.033","-0.7258","silent"
"5720.0","5727.0","0.068","0.706","0.226","0.5574","medium"
"5729.0","5735.0","0.0","0.801","0.199","0.8734","medium"
"5745.0","5750.0","0.0","0.844","0.156","0.7579","medium"
"5751.0","5755.0","0.271","0.69","0.038","-0.8689","medium"
"5763.0","5775.0","0.11","0.793","0.097","-0.4359","medium"
"5776.0","5780.0","0.142","0.795","0.063","-0.5242","silent"
"5783.0","5799.0","0.083","0.732","0.185","0.644","silent"
"5800.0","5886.0","0.067","0.755","0.178","0.9862","silent"
"5891.0","5902.0","0.0","1.0","0.0","0.0","medium"
"5903.0","5906.0","0.0","1.0","0.0","0.0","medium"
"5906.0","5910.0","0.149","0.683","0.168","0.1531","silent"
"5911.0","5916.0","0.159","0.746","0.095","-0.4404","silent"
"5920.0","5950.0","0.142","0.713","0.145","0.1007","silent"
"5962.0","5970.0","0.072","0.819","0.109","0.4404","silent"
"5977.0","6060.0","0.099","0.843","0.059","-0.9561","silent"
"6065.0","6083.0","0.04","0.921","0.039","0.2263","silent"
"6085.0","6093.0","0.09","0.766","0.144","0.9506","silent"
"6163.0","6302.0","0.034","0.843","0.123","0.9924","silent"
"6303.0","6307.0","0.159","0.822","0.018","-0.851","silent"
"6308.0","6320.0","0.19","0.781","0.03","-0.9169","silent"
"6321.0","6330.0","0.162","0.703","0.135","0.0258","silent"
"6331.0","6333.0","0.163","0.837","0.0","-0.4404","silent"
"6333.0","6335.0","0.189","0.811","0.0","-0.2023","silent"
"6334.0","6336.0","0.096","0.717","0.187","0.3182","silent"
"6337.0","6339.0","0.0","1.0","0.0","0.0","silent"
"6339.0","6341.0","0.0","1.0","0.0","0.0","silent"
"6342.0","6344.0","0.0","1.0","0.0","0.0","silent"
"6344.0","6346.0","0.0","0.914","0.086","0.1531","silent"
"6347.0","6349.0","0.437","0.563","0.0","-0.4767","silent"
"6349.0","6351.0","0.203","0.797","0.0","-0.6249","silent"
"6352.0","6354.0","0.0","1.0","0.0","0.0","silent"
"6354.0","6356.0","0.0","1.0","0.0","0.0","silent"
"6357.0","6359.0","0.14","0.86","0.0","-0.5994","silent"
"6359.0","6361.0","0.0","1.0","0.0","0.0","silent"
"6362.0","6364.0","0.153","0.814","0.033","-0.6369","silent"
"6364.0","6366.0","0.146","0.619","0.235","0.5974","silent"
"6367.0","6369.0","0.326","0.674","0.0","-0.5255","medium"
"6369.0","6371.0","0.078","0.791","0.131","0.5434","silent"
"6372.0","6374.0","0.0","1.0","0.0","0.0","silent"
"6374.0","6376.0","0.205","0.795","0.0","-0.8442","silent"
"6377.0","6379.0","0.208","0.683","0.109","-0.4939","silent"
"6379.0","6381.0","0.229","0.701","0.07","-0.6369","silent"
"6382.0","6384.0","0.229","0.771","0.0","-0.743","silent"
"6384.0","6386.0","0.311","0.689","0.0","-0.8832","medium"
"6387.0","6389.0","0.302","0.698","0.0","-0.5994","medium"
"6389.0","6391.0","0.0","1.0","0.0","0.0","medium"
"6392.0","6394.0","0.312","0.56","0.128","-0.5106","silent"
"6394.0","6396.0","0.467","0.533","0.0","-0.7906","medium"
"6397.0","6399.0","0.233","0.767","0.0","-0.807","medium"
"6399.0","6401.0","0.249","0.586","0.165","-0.5106","silent"
"6402.0","6404.0","0.204","0.796","0.0","-0.7088","silent"
"6404.0","6406.0","0.0","1.0","0.0","0.0","medium"
"6407.0","6409.0","0.0","1.0","0.0","0.0","medium"
"6409.0","6411.0","0.0","0.768","0.232","0.5346","medium"
"6412.0","6414.0","0.456","0.544","0.0","-0.6908","silent"
"6414.0","6427.0","0.129","0.817","0.054","-0.7177","silent"
"6416.0","6429.0","0.122","0.799","0.078","-0.2382","silent"
"6419.0","6432.0","0.0","0.92","0.08","0.0772","silent"
"6430.0","6436.0","0.126","0.874","0.0","-0.6996","silent"
"6432.0","6438.0","0.0","0.93","0.07","0.0516","silent"
"6435.0","6441.0","0.126","0.874","0.0","-0.5994","silent"
"6437.0","6443.0","0.141","0.693","0.165","0.2263","silent"
"6440.0","6446.0","0.132","0.777","0.091","-0.296","medium"
"6442.0","6448.0","0.113","0.887","0.0","-0.5719","medium"
"6445.0","6451.0","0.244","0.756","0.0","-0.8126","silent"
"6447.0","6453.0","0.066","0.934","0.0","-0.0516","silent"
"6472.0","6478.0","0.104","0.896","0.0","-0.6486","silent"
"6474.0","6480.0","0.224","0.776","0.0","-0.5994","silent"
"6477.0","6483.0","0.109","0.853","0.038","-0.5106","silent"
"6479.0","6485.0","0.257","0.743","0.0","-0.8126","silent"
"6482.0","6488.0","0.17","0.697","0.133","-0.296","silent"
"6484.0","6490.0","0.0","1.0","0.0","0.0","medium"
